0.000000 0.030000 0.042420
0.010000 0.029999 0.042418
0.020000 0.029994 0.042412
0.030000 0.029987 0.042402
0.040000 0.029977 0.042388
0.050000 0.029964 0.042369
0.060000 0.029948 0.042347
0.070000 0.029930 0.042321
0.080000 0.029908 0.042290
0.090000 0.029884 0.042256
0.100000 0.029857 0.042217
0.110000 0.029826 0.042175
0.120000 0.029793 0.042128
0.130000 0.029758 0.042078
0.140000 0.029719 0.042023
0.150000 0.029677 0.041965
0.160000 0.029633 0.041902
0.170000 0.029586 0.041835
0.180000 0.029536 0.041765
0.190000 0.029483 0.041690
0.200000 0.029427 0.041612
0.210000 0.029369 0.041529
0.220000 0.029308 0.041443
0.230000 0.029244 0.041352
0.240000 0.029177 0.041258
0.250000 0.029107 0.041159
0.260000 0.029034 0.041057
0.270000 0.028959 0.040951
0.280000 0.028881 0.040840
0.290000 0.028800 0.040726
0.300000 0.028717 0.040608
0.310000 0.028631 0.040486
0.320000 0.028541 0.040361
0.330000 0.028450 0.040231
0.340000 0.028355 0.040098
0.350000 0.028258 0.039960
0.360000 0.028158 0.039819
0.370000 0.028055 0.039674
0.380000 0.027950 0.039526
0.390000 0.027842 0.039373
0.400000 0.027732 0.039217
0.410000 0.027618 0.039057
0.420000 0.027502 0.038893
0.430000 0.027384 0.038726
0.440000 0.027263 0.038555
0.450000 0.027139 0.038380
0.460000 0.027012 0.038201
0.470000 0.026883 0.038019
0.480000 0.026752 0.037834
0.490000 0.026618 0.037644
0.500000 0.026481 0.037451
0.510000 0.026342 0.037254
0.520000 0.026200 0.037054
0.530000 0.026056 0.036851
0.540000 0.025909 0.036643
0.550000 0.025760 0.036433
0.560000 0.025608 0.036218
0.570000 0.025454 0.036001
0.580000 0.025298 0.035780
0.590000 0.025139 0.035555
0.600000 0.024977 0.035327
0.610000 0.024814 0.035096
0.620000 0.024648 0.034861
0.630000 0.024479 0.034623
0.640000 0.024308 0.034382
0.650000 0.024135 0.034137
0.660000 0.023960 0.033889
0.670000 0.023782 0.033638
0.680000 0.023602 0.033384
0.690000 0.023420 0.033126
0.700000 0.023235 0.032866
0.710000 0.023048 0.032602
0.720000 0.022859 0.032335
0.730000 0.022668 0.032065
0.740000 0.022475 0.031791
0.750000 0.022279 0.031515
0.760000 0.022082 0.031236
0.770000 0.021882 0.030954
0.780000 0.021680 0.030669
0.790000 0.021477 0.030381
0.800000 0.021271 0.030090
0.810000 0.021063 0.029796
0.820000 0.020853 0.029499
0.830000 0.020641 0.029199
0.840000 0.020427 0.028897
0.850000 0.020211 0.028592
0.860000 0.019993 0.028284
0.870000 0.019773 0.027973
0.880000 0.019552 0.027660
0.890000 0.019328 0.027344
0.900000 0.019103 0.027026
0.910000 0.018876 0.026705
0.920000 0.018647 0.026381
0.930000 0.018416 0.026055
0.940000 0.018184 0.025726
0.950000 0.017949 0.025395
0.960000 0.017713 0.025061
0.970000 0.017476 0.024725
0.980000 0.017236 0.024387
0.990000 0.016995 0.024046
1.000000 0.016753 0.023703
1.010000 0.016509 0.023358
1.020000 0.016263 0.023011
1.030000 0.016015 0.022661
1.040000 0.015767 0.022309
1.050000 0.015516 0.021955
1.060000 0.015264 0.021599
1.070000 0.015011 0.021241
1.080000 0.014756 0.020880
1.090000 0.014500 0.020518
1.100000 0.014243 0.020154
1.110000 0.013984 0.019788
1.120000 0.013724 0.019420
1.130000 0.013462 0.019050
1.140000 0.013199 0.018678
1.150000 0.012935 0.018305
1.160000 0.012670 0.017929
1.170000 0.012403 0.017552
1.180000 0.012135 0.017174
1.190000 0.011867 0.016794
1.200000 0.011597 0.016412
1.210000 0.011325 0.016028
1.220000 0.011053 0.015643
1.230000 0.010780 0.015257
1.240000 0.010506 0.014869
1.250000 0.010230 0.014479
1.260000 0.009954 0.014088
1.270000 0.009677 0.013696
1.280000 0.009399 0.013303
1.290000 0.009120 0.012908
1.300000 0.008840 0.012512
1.310000 0.008559 0.012115
1.320000 0.008277 0.011716
1.330000 0.007995 0.011317
1.340000 0.007712 0.010916
1.350000 0.007428 0.010515
1.360000 0.007144 0.010112
1.370000 0.006858 0.009709
1.380000 0.006572 0.009304
1.390000 0.006286 0.008899
1.400000 0.005999 0.008493
1.410000 0.005711 0.008085
1.420000 0.005423 0.007678
1.430000 0.005134 0.007269
1.440000 0.004845 0.006860
1.450000 0.004555 0.006450
1.460000 0.004265 0.006039
1.470000 0.003974 0.005628
1.480000 0.003683 0.005216
1.490000 0.003392 0.004804
1.500000 0.003100 0.004392
1.510000 0.002809 0.003979
1.520000 0.002516 0.003565
1.530000 0.002224 0.003151
1.540000 0.001931 0.002737
1.550000 0.001638 0.002323
1.560000 0.001345 0.001908
1.570000 0.001052 0.001493
1.580000 0.000759 0.001079
1.590000 0.000466 0.000664
1.600000 0.000173 0.000248
1.610000 -0.000121 -0.000167
1.620000 -0.000414 -0.000582
1.630000 -0.000707 -0.000997
1.640000 -0.001001 -0.001412
1.650000 -0.001294 -0.001826
1.660000 -0.001587 -0.002241
1.670000 -0.001879 -0.002656
1.680000 -0.002172 -0.003070
1.690000 -0.002465 -0.003484
1.700000 -0.002757 -0.003897
1.710000 -0.003049 -0.004310
1.720000 -0.003340 -0.004723
1.730000 -0.003632 -0.005135
1.740000 -0.003923 -0.005547
1.750000 -0.004213 -0.005958
1.760000 -0.004504 -0.006369
1.770000 -0.004793 -0.006779
1.780000 -0.005083 -0.007189
1.790000 -0.005371 -0.007597
1.800000 -0.005660 -0.008005
1.810000 -0.005948 -0.008413
1.820000 -0.006235 -0.008819
1.830000 -0.006521 -0.009225
1.840000 -0.006807 -0.009630
1.850000 -0.007093 -0.010033
1.860000 -0.007377 -0.010436
1.870000 -0.007661 -0.010838
1.880000 -0.007945 -0.011239
1.890000 -0.008227 -0.011639
1.900000 -0.008509 -0.012037
1.910000 -0.008790 -0.012435
1.920000 -0.009070 -0.012831
1.930000 -0.009349 -0.013226
1.940000 -0.009627 -0.013620
1.950000 -0.009904 -0.014012
1.960000 -0.010181 -0.014403
1.970000 -0.010456 -0.014793
1.980000 -0.010731 -0.015181
1.990000 -0.011004 -0.015568
2.000000 -0.011276 -0.015954
2.010000 -0.011548 -0.016338
2.020000 -0.011818 -0.016720
2.030000 -0.012087 -0.017101
2.040000 -0.012355 -0.017480
2.050000 -0.012621 -0.017857
2.060000 -0.012887 -0.018233
2.070000 -0.013151 -0.018607
2.080000 -0.013414 -0.018979
2.090000 -0.013676 -0.019349
2.100000 -0.013936 -0.019717
2.110000 -0.014195 -0.020084
2.120000 -0.014453 -0.020449
2.130000 -0.014709 -0.020811
2.140000 -0.014964 -0.021172
2.150000 -0.015218 -0.021531
2.160000 -0.015470 -0.021887
2.170000 -0.015721 -0.022242
2.180000 -0.015970 -0.022594
2.190000 -0.016217 -0.022944
2.200000 -0.016463 -0.023292
2.210000 -0.016708 -0.023638
2.220000 -0.016950 -0.023982
2.230000 -0.017192 -0.024323
2.240000 -0.017431 -0.024662
2.250000 -0.017669 -0.024998
2.260000 -0.017905 -0.025333
2.270000 -0.018140 -0.025664
2.280000 -0.018373 -0.025994
2.290000 -0.018604 -0.026320
2.300000 -0.018833 -0.026645
2.310000 -0.019060 -0.026966
2.320000 -0.019286 -0.027285
2.330000 -0.019510 -0.027602
2.340000 -0.019732 -0.027916
2.350000 -0.019952 -0.028227
2.360000 -0.020170 -0.028535
2.370000 -0.020386 -0.028841
2.380000 -0.020600 -0.029144
2.390000 -0.020812 -0.029444
2.400000 -0.021023 -0.029742
2.410000 -0.021231 -0.030036
2.420000 -0.021437 -0.030328
2.430000 -0.021641 -0.030617
2.440000 -0.021843 -0.030902
2.450000 -0.022043 -0.031185
2.460000 -0.022241 -0.031465
2.470000 -0.022437 -0.031742
2.480000 -0.022631 -0.032016
2.490000 -0.022822 -0.032286
2.500000 -0.023012 -0.032554
2.510000 -0.023199 -0.032819
2.520000 -0.023384 -0.033080
2.530000 -0.023566 -0.033338
2.540000 -0.023747 -0.033593
2.550000 -0.023925 -0.033845
2.560000 -0.024101 -0.034094
2.570000 -0.024274 -0.034339
2.580000 -0.024445 -0.034581
2.590000 -0.024614 -0.034820
2.600000 -0.024781 -0.035055
2.610000 -0.024945 -0.035287
2.620000 -0.025107 -0.035516
2.630000 -0.025266 -0.035741
2.640000 -0.025423 -0.035963
2.650000 -0.025577 -0.036181
2.660000 -0.025730 -0.036396
2.670000 -0.025879 -0.036608
2.680000 -0.026026 -0.036816
2.690000 -0.026171 -0.037020
2.700000 -0.026313 -0.037221
2.710000 -0.026453 -0.037418
2.720000 -0.026590 -0.037612
2.730000 -0.026724 -0.037802
2.740000 -0.026856 -0.037989
2.750000 -0.026986 -0.038171
2.760000 -0.027113 -0.038351
2.770000 -0.027237 -0.038526
2.780000 -0.027359 -0.038698
2.790000 -0.027478 -0.038866
2.800000 -0.027594 -0.039031
2.810000 -0.027708 -0.039191
2.820000 -0.027819 -0.039348
2.830000 -0.027927 -0.039502
2.840000 -0.028033 -0.039651
2.850000 -0.028136 -0.039797
2.860000 -0.028237 -0.039938
2.870000 -0.028334 -0.040076
2.880000 -0.028429 -0.040211
2.890000 -0.028522 -0.040341
2.900000 -0.028611 -0.040467
2.910000 -0.028698 -0.040590
2.920000 -0.028782 -0.040709
2.930000 -0.028863 -0.040824
2.940000 -0.028942 -0.040934
2.950000 -0.029018 -0.041041
2.960000 -0.029091 -0.041145
2.970000 -0.029161 -0.041244
2.980000 -0.029228 -0.041339
2.990000 -0.029293 -0.041430
3.000000 -0.029355 -0.041517
3.010000 -0.029414 -0.041601
3.020000 -0.029470 -0.041680
3.030000 -0.029523 -0.041755
3.040000 -0.029574 -0.041827
3.050000 -0.029622 -0.041894
3.060000 -0.029667 -0.041957
3.070000 -0.029709 -0.042017
3.080000 -0.029748 -0.042072
3.090000 -0.029784 -0.042123
3.100000 -0.029818 -0.042170
3.110000 -0.029848 -0.042214
3.120000 -0.029876 -0.042253
3.130000 -0.029901 -0.042288
3.140000 -0.029923 -0.042319
3.150000 -0.029942 -0.042346
3.160000 -0.029959 -0.042369
3.170000 -0.029972 -0.042388
3.180000 -0.029983 -0.042403
3.190000 -0.029991 -0.042414
3.200000 -0.029996 -0.042421
3.210000 -0.029998 -0.042423
3.220000 -0.029997 -0.042422
3.230000 -0.029993 -0.042417
3.240000 -0.029986 -0.042407
3.250000 -0.029977 -0.042394
3.260000 -0.029965 -0.042376
3.270000 -0.029949 -0.042354
3.280000 -0.029931 -0.042329
3.290000 -0.029910 -0.042299
3.300000 -0.029887 -0.042265
3.310000 -0.029860 -0.042228
3.320000 -0.029830 -0.042186
3.330000 -0.029798 -0.042140
3.340000 -0.029763 -0.042090
3.350000 -0.029725 -0.042036
3.360000 -0.029684 -0.041978
3.370000 -0.029640 -0.041916
3.380000 -0.029593 -0.041850
3.390000 -0.029544 -0.041780
3.400000 -0.029492 -0.041706
3.410000 -0.029437 -0.041628
3.420000 -0.029379 -0.041547
3.430000 -0.029318 -0.041461
3.440000 -0.029255 -0.041371
3.450000 -0.029188 -0.041277
3.460000 -0.029119 -0.041179
3.470000 -0.029047 -0.041078
3.480000 -0.028973 -0.040972
3.490000 -0.028895 -0.040862
3.500000 -0.028815 -0.040749
3.510000 -0.028732 -0.040632
3.520000 -0.028646 -0.040510
3.530000 -0.028558 -0.040385
3.540000 -0.028467 -0.040256
3.550000 -0.028373 -0.040123
3.560000 -0.028276 -0.039987
3.570000 -0.028177 -0.039846
3.580000 -0.028075 -0.039702
3.590000 -0.027970 -0.039554
3.600000 -0.027863 -0.039402
3.610000 -0.027753 -0.039247
3.620000 -0.027640 -0.039087
3.630000 -0.027524 -0.038924
3.640000 -0.027406 -0.038757
3.650000 -0.027286 -0.038587
3.660000 -0.027163 -0.038412
3.670000 -0.027037 -0.038234
3.680000 -0.026908 -0.038053
3.690000 -0.026777 -0.037868
3.700000 -0.026644 -0.037679
3.710000 -0.026508 -0.037486
3.720000 -0.026369 -0.037290
3.730000 -0.026228 -0.037091
3.740000 -0.026084 -0.036888
3.750000 -0.025938 -0.036681
3.760000 -0.025789 -0.036471
3.770000 -0.025638 -0.036257
3.780000 -0.025485 -0.036040
3.790000 -0.025329 -0.035819
3.800000 -0.025170 -0.035595
3.810000 -0.025009 -0.035368
3.820000 -0.024846 -0.035137
3.830000 -0.024680 -0.034903
3.840000 -0.024512 -0.034666
3.850000 -0.024342 -0.034425
3.860000 -0.024169 -0.034181
3.870000 -0.023994 -0.033933
3.880000 -0.023817 -0.033683
3.890000 -0.023638 -0.033429
3.900000 -0.023456 -0.033172
3.910000 -0.023272 -0.032912
3.920000 -0.023085 -0.032648
3.930000 -0.022897 -0.032382
3.940000 -0.022706 -0.032112
3.950000 -0.022513 -0.031840
3.960000 -0.022318 -0.031564
3.970000 -0.022121 -0.031285
3.980000 -0.021922 -0.031004
3.990000 -0.021721 -0.030719
4.000000 -0.021517 -0.030431
4.010000 -0.021312 -0.030141
4.020000 -0.021104 -0.029847
4.030000 -0.020895 -0.029551
4.040000 -0.020683 -0.029252
4.050000 -0.020470 -0.028950
4.060000 -0.020254 -0.028645
4.070000 -0.020037 -0.028338
4.080000 -0.019817 -0.028028
4.090000 -0.019596 -0.027715
4.100000 -0.019373 -0.027400
4.110000 -0.019148 -0.027082
4.120000 -0.018921 -0.026761
4.130000 -0.018693 -0.026438
4.140000 -0.018462 -0.026112
4.150000 -0.018230 -0.025784
4.160000 -0.017996 -0.025453
4.170000 -0.017761 -0.025120
4.180000 -0.017523 -0.024784
4.190000 -0.017284 -0.024446
4.200000 -0.017044 -0.024106
4.210000 -0.016801 -0.023763
4.220000 -0.016557 -0.023419
4.230000 -0.016312 -0.023072
4.240000 -0.016065 -0.022722
4.250000 -0.015816 -0.022371
4.260000 -0.015566 -0.022017
4.270000 -0.015315 -0.021661
4.280000 -0.015062 -0.021304
4.290000 -0.014807 -0.020944
4.300000 -0.014551 -0.020582
4.310000 -0.014294 -0.020218
4.320000 -0.014035 -0.019852
4.330000 -0.013775 -0.019485
4.340000 -0.013514 -0.019115
4.350000 -0.013251 -0.018744
4.360000 -0.012987 -0.018371
4.370000 -0.012722 -0.017996
4.380000 -0.012456 -0.017619
4.390000 -0.012188 -0.017241
4.400000 -0.011920 -0.016861
4.410000 -0.011650 -0.016479
4.420000 -0.011379 -0.016096
4.430000 -0.011107 -0.015711
4.440000 -0.010834 -0.015325
4.450000 -0.010560 -0.014937
4.460000 -0.010285 -0.014548
4.470000 -0.010009 -0.014158
4.480000 -0.009731 -0.013766
4.490000 -0.009453 -0.013373
4.500000 -0.009175 -0.012978
4.510000 -0.008895 -0.012583
4.520000 -0.008614 -0.012186
4.530000 -0.008333 -0.011788
4.540000 -0.008050 -0.011388
4.550000 -0.007767 -0.010988
4.560000 -0.007484 -0.010587
4.570000 -0.007199 -0.010184
4.580000 -0.006914 -0.009781
4.590000 -0.006628 -0.009377
4.600000 -0.006342 -0.008972
4.610000 -0.006055 -0.008566
4.620000 -0.005767 -0.008159
4.630000 -0.005479 -0.007751
4.640000 -0.005190 -0.007343
4.650000 -0.004901 -0.006934
4.660000 -0.004611 -0.006524
4.670000 -0.004321 -0.006114
4.680000 -0.004030 -0.005703
4.690000 -0.003739 -0.005291
4.700000 -0.003448 -0.004879
4.710000 -0.003156 -0.004467
4.720000 -0.002865 -0.004054
4.730000 -0.002572 -0.003641
4.740000 -0.002280 -0.003227
4.750000 -0.001987 -0.002813
4.760000 -0.001694 -0.002399
4.770000 -0.001401 -0.001984
4.780000 -0.001108 -0.001570
4.790000 -0.000815 -0.001155
4.800000 -0.000522 -0.000740
4.810000 -0.000228 -0.000325
4.820000 0.000065 0.000090
4.830000 0.000358 0.000505
4.840000 0.000652 0.000920
4.850000 0.000945 0.001335
4.860000 0.001238 0.001750
4.870000 0.001531 0.002164
4.880000 0.001824 0.002579
4.890000 0.002117 0.002993
4.900000 0.002410 0.003406
4.910000 0.002702 0.003820
4.920000 0.002994 0.004233
4.930000 0.003286 0.004646
4.940000 0.003577 0.005058
4.950000 0.003868 0.005470
4.960000 0.004159 0.005881
4.970000 0.004450 0.006292
4.980000 0.004739 0.006702
4.990000 0.005029 0.007112
5.000000 0.005318 0.007520
5.010000 0.005606 0.007928
5.020000 0.005894 0.008336
5.030000 0.006182 0.008742
5.040000 0.006469 0.009148
5.050000 0.006755 0.009553
5.060000 0.007040 0.009957
5.070000 0.007325 0.010360
5.080000 0.007609 0.010761
5.090000 0.007893 0.011162
5.100000 0.008175 0.011562
5.110000 0.008457 0.011961
5.120000 0.008738 0.012359
5.130000 0.009019 0.012755
5.140000 0.009298 0.013150
5.150000 0.009577 0.013544
5.160000 0.009854 0.013937
5.170000 0.010131 0.014328
5.180000 0.010406 0.014718
5.190000 0.010681 0.015106
5.200000 0.010955 0.015494
5.210000 0.011227 0.015879
5.220000 0.011499 0.016263
5.230000 0.011769 0.016646
5.240000 0.012039 0.017027
5.250000 0.012307 0.017406
5.260000 0.012574 0.017784
5.270000 0.012839 0.018159
5.280000 0.013104 0.018534
5.290000 0.013367 0.018906
5.300000 0.013629 0.019277
5.310000 0.013890 0.019645
5.320000 0.014149 0.020012
5.330000 0.014407 0.020377
5.340000 0.014664 0.020740
5.350000 0.014919 0.021101
5.360000 0.015173 0.021460
5.370000 0.015426 0.021817
5.380000 0.015676 0.022172
5.390000 0.015926 0.022525
5.400000 0.016174 0.022875
5.410000 0.016420 0.023224
5.420000 0.016665 0.023570
5.430000 0.016908 0.023914
5.440000 0.017149 0.024255
5.450000 0.017389 0.024595
5.460000 0.017628 0.024932
5.470000 0.017864 0.025266
5.480000 0.018099 0.025598
5.490000 0.018332 0.025928
5.500000 0.018563 0.026255
5.510000 0.018793 0.026580
5.520000 0.019021 0.026902
5.530000 0.019247 0.027222
5.540000 0.019471 0.027539
5.550000 0.019693 0.027853
5.560000 0.019914 0.028165
5.570000 0.020132 0.028474
5.580000 0.020349 0.028780
5.590000 0.020563 0.029083
5.600000 0.020776 0.029384
5.610000 0.020986 0.029682
5.620000 0.021195 0.029977
5.630000 0.021402 0.030269
5.640000 0.021606 0.030559
5.650000 0.021809 0.030845
5.660000 0.022009 0.031128
5.670000 0.022207 0.031409
5.680000 0.022404 0.031686
5.690000 0.022598 0.031961
5.700000 0.022790 0.032232
5.710000 0.022979 0.032500
5.720000 0.023167 0.032765
5.730000 0.023352 0.033027
5.740000 0.023535 0.033286
5.750000 0.023716 0.033542
5.760000 0.023894 0.033794
5.770000 0.024071 0.034044
5.780000 0.024245 0.034290
5.790000 0.024416 0.034532
5.800000 0.024585 0.034772
5.810000 0.024752 0.035008
5.820000 0.024917 0.035240
5.830000 0.025079 0.035470
5.840000 0.025239 0.035696
5.850000 0.025396 0.035918
5.860000 0.025551 0.036137
5.870000 0.025704 0.036353
5.880000 0.025854 0.036565
5.890000 0.026001 0.036774
5.900000 0.026146 0.036979
5.910000 0.026289 0.037181
5.920000 0.026429 0.037379
5.930000 0.026566 0.037573
5.940000 0.026701 0.037764
5.950000 0.026834 0.037951
5.960000 0.026964 0.038135
5.970000 0.027091 0.038315
5.980000 0.027216 0.038491
5.990000 0.027338 0.038664
6.000000 0.027457 0.038833
6.010000 0.027574 0.038998
6.020000 0.027688 0.039159
6.030000 0.027800 0.039317
6.040000 0.027909 0.039471
6.050000 0.028015 0.039621
6.060000 0.028118 0.039768
6.070000 0.028219 0.039910
6.080000 0.028317 0.040049
6.090000 0.028413 0.040184
6.100000 0.028506 0.040315
6.110000 0.028596 0.040443
6.120000 0.028683 0.040566
6.130000 0.028767 0.040686
6.140000 0.028849 0.040801
6.150000 0.028928 0.040913
6.160000 0.029004 0.041021
6.170000 0.029078 0.041125
6.180000 0.029149 0.041225
6.190000 0.029216 0.041321
6.200000 0.029281 0.041413
6.210000 0.029344 0.041501
6.220000 0.029403 0.041585
6.230000 0.029460 0.041665
6.240000 0.029514 0.041741
6.250000 0.029565 0.041813
6.260000 0.029613 0.041882
6.270000 0.029658 0.041946
6.280000 0.029701 0.042006
6.290000 0.029741 0.042062
6.300000 0.029777 0.042114
6.310000 0.029811 0.042162
6.320000 0.029842 0.042206
6.330000 0.029871 0.042246
6.340000 0.029896 0.042282
6.350000 0.029919 0.042314
6.360000 0.029938 0.042342
6.370000 0.029955 0.042366
6.380000 0.029969 0.042386
6.390000 0.029980 0.042402
6.400000 0.029989 0.042413
6.410000 0.029994 0.042421
6.420000 0.029996 0.042425
6.430000 0.029996 0.042424
6.440000 0.029993 0.042420
6.450000 0.029987 0.042411
6.460000 0.029978 0.042398
6.470000 0.029966 0.042382
6.480000 0.029951 0.042361
6.490000 0.029933 0.042336
6.500000 0.029913 0.042307
6.510000 0.029890 0.042274
6.520000 0.029863 0.042237
6.530000 0.029834 0.042196
6.540000 0.029803 0.042151
6.550000 0.029768 0.042102
6.560000 0.029730 0.042049
6.570000 0.029690 0.041992
6.580000 0.029646 0.041931
6.590000 0.029600 0.041866
6.600000 0.029551 0.041797
6.610000 0.029500 0.041724
6.620000 0.029445 0.041647
6.630000 0.029388 0.041565
6.640000 0.029327 0.041480
6.650000 0.029264 0.041391
6.660000 0.029199 0.041298
6.670000 0.029130 0.041201
6.680000 0.029059 0.041100
6.690000 0.028984 0.040996
6.700000 0.028907 0.040887
6.710000 0.028828 0.040774
6.720000 0.028745 0.040658
6.730000 0.028660 0.040537
6.740000 0.028572 0.040413
6.750000 0.028481 0.040285
6.760000 0.028388 0.040153
6.770000 0.028292 0.040017
6.780000 0.028193 0.039877
6.790000 0.028091 0.039733
6.800000 0.027987 0.039586
6.810000 0.027880 0.039435
6.820000 0.027770 0.039280
6.830000 0.027658 0.039121
6.840000 0.027543 0.038959
6.850000 0.027426 0.038793
6.860000 0.027306 0.038623
6.870000 0.027183 0.038449
6.880000 0.027058 0.038272
6.890000 0.026930 0.038091
6.900000 0.026799 0.037907
6.910000 0.026666 0.037719
6.920000 0.026530 0.037527
6.930000 0.026392 0.037332
6.940000 0.026251 0.037133
6.950000 0.026108 0.036930
6.960000 0.025963 0.036724
6.970000 0.025814 0.036515
6.980000 0.025664 0.036302
6.990000 0.025511 0.036085
7.000000 0.025355 0.035865
7.010000 0.025197 0.035642
7.020000 0.025037 0.035415
7.030000 0.024874 0.035185
7.040000 0.024709 0.034951
7.050000 0.024541 0.034714
7.060000 0.024371 0.034474
7.070000 0.024199 0.034231
7.080000 0.024025 0.033984
7.090000 0.023848 0.033734
7.100000 0.023669 0.033481
7.110000 0.023487 0.033224
7.120000 0.023304 0.032964
7.130000 0.023118 0.032702
7.140000 0.022930 0.032436
7.150000 0.022740 0.032167
7.160000 0.022547 0.031895
7.170000 0.022353 0.031619
7.180000 0.022156 0.031341
7.190000 0.021957 0.031060
7.200000 0.021756 0.030776
7.210000 0.021553 0.030489
7.220000 0.021348 0.030199
7.230000 0.021141 0.029906
7.240000 0.020932 0.029610
7.250000 0.020721 0.029311
7.260000 0.020508 0.029010
7.270000 0.020293 0.028706
7.280000 0.020075 0.028399
7.290000 0.019857 0.028089
7.300000 0.019636 0.027777
7.310000 0.019413 0.027462
7.320000 0.019188 0.027144
7.330000 0.018962 0.026824
7.340000 0.018734 0.026501
7.350000 0.018504 0.026175
7.360000 0.018272 0.025848
7.370000 0.018039 0.025517
7.380000 0.017803 0.025184
7.390000 0.017566 0.024849
7.400000 0.017328 0.024512
7.410000 0.017087 0.024172
7.420000 0.016846 0.023829
7.430000 0.016602 0.023485
7.440000 0.016357 0.023138
7.450000 0.016110 0.022789
7.460000 0.015862 0.022438
7.470000 0.015612 0.022085
7.480000 0.015361 0.021729
7.490000 0.015108 0.021372
7.500000 0.014854 0.021012
7.510000 0.014599 0.020651
7.520000 0.014342 0.020287
7.530000 0.014083 0.019921
7.540000 0.013824 0.019554
7.550000 0.013563 0.019185
7.560000 0.013300 0.018814
7.570000 0.013037 0.018441
7.580000 0.012772 0.018066
7.590000 0.012506 0.017690
7.600000 0.012239 0.017312
7.610000 0.011970 0.016932
7.620000 0.011701 0.016550
7.630000 0.011430 0.016167
7.640000 0.011158 0.015783
7.650000 0.010885 0.015397
7.660000 0.010612 0.015009
7.670000 0.010337 0.014620
7.680000 0.010061 0.014230
7.690000 0.009784 0.013838
7.700000 0.009506 0.013445
7.710000 0.009228 0.013051
7.720000 0.008948 0.012656
7.730000 0.008668 0.012259
7.740000 0.008386 0.011861
7.750000 0.008104 0.011462
7.760000 0.007821 0.011062
7.770000 0.007538 0.010660
7.780000 0.007254 0.010258
7.790000 0.006969 0.009855
7.800000 0.006683 0.009451
7.810000 0.006397 0.009046
7.820000 0.006110 0.008640
7.830000 0.005822 0.008233
7.840000 0.005534 0.007825
7.850000 0.005246 0.007417
7.860000 0.004957 0.007008
7.870000 0.004667 0.006598
7.880000 0.004377 0.006188
7.890000 0.004087 0.005777
7.900000 0.003796 0.005365
7.910000 0.003505 0.004953
7.920000 0.003213 0.004541
7.930000 0.002921 0.004128
7.940000 0.002629 0.003715
7.950000 0.002337 0.003301
7.960000 0.002044 0.002887
7.970000 0.001752 0.002473
7.980000 0.001459 0.002058
7.990000 0.001166 0.001644
8.000000 0.000872 0.001229
8.010000 0.000579 0.000814
8.020000 0.000286 0.000399
8.030000 -0.000008 -0.000016
8.040000 -0.000301 -0.000431
8.050000 -0.000594 -0.000846
8.060000 -0.000888 -0.001261
8.070000 -0.001181 -0.001676
8.080000 -0.001474 -0.002090
8.090000 -0.001767 -0.002505
8.100000 -0.002060 -0.002919
8.110000 -0.002352 -0.003333
8.120000 -0.002644 -0.003747
8.130000 -0.002937 -0.004160
8.140000 -0.003228 -0.004573
8.150000 -0.003520 -0.004985
8.160000 -0.003811 -0.005397
8.170000 -0.004102 -0.005808
8.180000 -0.004392 -0.006219
8.190000 -0.004682 -0.006630
8.200000 -0.004972 -0.007039
8.210000 -0.005261 -0.007448
8.220000 -0.005550 -0.007856
8.230000 -0.005838 -0.008264
8.240000 -0.006125 -0.008670
8.250000 -0.006412 -0.009076
8.260000 -0.006698 -0.009481
8.270000 -0.006984 -0.009885
8.280000 -0.007269 -0.010288
8.290000 -0.007553 -0.010691
8.300000 -0.007837 -0.011092
8.310000 -0.008120 -0.011492
8.320000 -0.008402 -0.011891
8.330000 -0.008683 -0.012288
8.340000 -0.008963 -0.012685
8.350000 -0.009243 -0.013080
8.360000 -0.009522 -0.013475
8.370000 -0.009799 -0.013867
8.380000 -0.010076 -0.014259
8.390000 -0.010352 -0.014649
8.400000 -0.010627 -0.015038
8.410000 -0.010901 -0.015425
8.420000 -0.011174 -0.015811
8.430000 -0.011445 -0.016195
8.440000 -0.011716 -0.016578
8.450000 -0.011986 -0.016959
8.460000 -0.012254 -0.017339
8.470000 -0.012521 -0.017717
8.480000 -0.012787 -0.018093
8.490000 -0.013052 -0.018467
8.500000 -0.013316 -0.018840
8.510000 -0.013578 -0.019211
8.520000 -0.013839 -0.019580
8.530000 -0.014099 -0.019947
8.540000 -0.014357 -0.020312
8.550000 -0.014614 -0.020676
8.560000 -0.014869 -0.021037
8.570000 -0.015124 -0.021396
8.580000 -0.015376 -0.021754
8.590000 -0.015628 -0.022109
8.600000 -0.015877 -0.022462
8.610000 -0.016125 -0.022813
8.620000 -0.016372 -0.023162
8.630000 -0.016617 -0.023508
8.640000 -0.016861 -0.023852
8.650000 -0.017103 -0.024194
8.660000 -0.017343 -0.024534
8.670000 -0.017581 -0.024871
8.680000 -0.017818 -0.025206
8.690000 -0.018054 -0.025539
8.700000 -0.018287 -0.025869
8.710000 -0.018519 -0.026196
8.720000 -0.018749 -0.026521
8.730000 -0.018977 -0.026844
8.740000 -0.019203 -0.027164
8.750000 -0.019428 -0.027481
8.760000 -0.019651 -0.027796
8.770000 -0.019871 -0.028108
8.780000 -0.020090 -0.028417
8.790000 -0.020307 -0.028724
8.800000 -0.020522 -0.029028
8.810000 -0.020735 -0.029329
8.820000 -0.020946 -0.029628
8.830000 -0.021156 -0.029923
8.840000 -0.021363 -0.030216
8.850000 -0.021568 -0.030505
8.860000 -0.021771 -0.030792
8.870000 -0.021971 -0.031076
8.880000 -0.022170 -0.031357
8.890000 -0.022367 -0.031635
8.900000 -0.022561 -0.031910
8.910000 -0.022754 -0.032182
8.920000 -0.022944 -0.032450
8.930000 -0.023132 -0.032716
8.940000 -0.023318 -0.032978
8.950000 -0.023501 -0.033238
8.960000 -0.023682 -0.033494
8.970000 -0.023862 -0.033747
8.980000 -0.024038 -0.033997
8.990000 -0.024213 -0.034243
9.000000 -0.024385 -0.034486
9.010000 -0.024555 -0.034726
9.020000 -0.024722 -0.034963
9.030000 -0.024887 -0.035196
9.040000 -0.025050 -0.035426
9.050000 -0.025210 -0.035652
9.060000 -0.025368 -0.035876
9.070000 -0.025523 -0.036095
9.080000 -0.025676 -0.036311
9.090000 -0.025827 -0.036524
9.100000 -0.025975 -0.036733
9.110000 -0.026121 -0.036939
9.120000 -0.026264 -0.037141
9.130000 -0.026404 -0.037340
9.140000 -0.026542 -0.037535
9.150000 -0.026678 -0.037726
9.160000 -0.026811 -0.037914
9.170000 -0.026941 -0.038098
9.180000 -0.027069 -0.038279
9.190000 -0.027194 -0.038456
9.200000 -0.027317 -0.038629
9.210000 -0.027437 -0.038799
9.220000 -0.027554 -0.038965
9.230000 -0.027669 -0.039127
9.240000 -0.027781 -0.039285
9.250000 -0.027891 -0.039440
9.260000 -0.027997 -0.039591
9.270000 -0.028101 -0.039738
9.280000 -0.028203 -0.039881
9.290000 -0.028302 -0.040020
9.300000 -0.028398 -0.040156
9.310000 -0.028491 -0.040288
9.320000 -0.028581 -0.040416
9.330000 -0.028669 -0.040540
9.340000 -0.028754 -0.040660
9.350000 -0.028837 -0.040776
9.360000 -0.028916 -0.040889
9.370000 -0.028993 -0.040997
9.380000 -0.029067 -0.041102
9.390000 -0.029138 -0.041202
9.400000 -0.029207 -0.041299
9.410000 -0.029272 -0.041392
9.420000 -0.029335 -0.041481
9.430000 -0.029395 -0.041566
9.440000 -0.029452 -0.041646
9.450000 -0.029507 -0.041723
9.460000 -0.029558 -0.041796
9.470000 -0.029607 -0.041865
9.480000 -0.029653 -0.041930
9.490000 -0.029696 -0.041991
9.500000 -0.029736 -0.042048
9.510000 -0.029774 -0.042101
9.520000 -0.029808 -0.042150
9.530000 -0.029840 -0.042194
9.540000 -0.029869 -0.042235
9.550000 -0.029895 -0.042272
9.560000 -0.029918 -0.042305
9.570000 -0.029938 -0.042333
9.580000 -0.029955 -0.042358
9.590000 -0.029970 -0.042378
9.600000 -0.029981 -0.042395
9.610000 -0.029990 -0.042407
9.620000 -0.029996 -0.042416
9.630000 -0.029999 -0.042420
9.640000 -0.029999 -0.042420
9.650000 -0.029996 -0.042417
9.660000 -0.029991 -0.042409
9.670000 -0.029982 -0.042397
9.680000 -0.029971 -0.042381
9.690000 -0.029957 -0.042361
9.700000 -0.029940 -0.042337
9.710000 -0.029920 -0.042309
9.720000 -0.029897 -0.042277
9.730000 -0.029871 -0.042241
9.740000 -0.029843 -0.042200
9.750000 -0.029811 -0.042156
9.760000 -0.029777 -0.042108
9.770000 -0.029740 -0.042056
9.780000 -0.029700 -0.041999
9.790000 -0.029657 -0.041939
9.800000 -0.029612 -0.041875
9.810000 -0.029563 -0.041806
9.820000 -0.029512 -0.041734
9.830000 -0.029458 -0.041658
9.840000 -0.029401 -0.041577
9.850000 -0.029341 -0.041493
9.860000 -0.029279 -0.041405
9.870000 -0.029213 -0.041313
9.880000 -0.029145 -0.041217
9.890000 -0.029074 -0.041116
9.900000 -0.029001 -0.041012
9.910000 -0.028924 -0.040904
9.920000 -0.028845 -0.040793
9.930000 -0.028763 -0.040677
9.940000 -0.028678 -0.040557
9.950000 -0.028591 -0.040434
9.960000 -0.028500 -0.040306
9.970000 -0.028407 -0.040175
9.980000 -0.028312 -0.040040
9.990000 -0.028213 -0.039901
10.000000 -0.028112 -0.039758
10.010000 -0.028008 -0.039612
10.020000 -0.027902 -0.039461
10.030000 -0.027793 -0.039307
10.040000 -0.027681 -0.039149
10.050000 -0.027566 -0.038988
10.060000 -0.027449 -0.038822
10.070000 -0.027330 -0.038653
10.080000 -0.027207 -0.038481
10.090000 -0.027082 -0.038304
10.100000 -0.026955 -0.038124
10.110000 -0.026825 -0.037940
10.120000 -0.026692 -0.037753
10.130000 -0.026557 -0.037562
10.140000 -0.026419 -0.037367
10.150000 -0.026279 -0.037169
10.160000 -0.026136 -0.036967
10.170000 -0.025991 -0.036762
10.180000 -0.025843 -0.036553
10.190000 -0.025693 -0.036341
10.200000 -0.025540 -0.036125
10.210000 -0.025385 -0.035906
10.220000 -0.025227 -0.035684
10.230000 -0.025067 -0.035457
10.240000 -0.024905 -0.035228
10.250000 -0.024740 -0.034995
10.260000 -0.024573 -0.034759
10.270000 -0.024403 -0.034520
10.280000 -0.024231 -0.034277
10.290000 -0.024057 -0.034031
10.300000 -0.023881 -0.033781
10.310000 -0.023702 -0.033529
10.320000 -0.023521 -0.033273
10.330000 -0.023338 -0.033014
10.340000 -0.023152 -0.032752
10.350000 -0.022964 -0.032487
10.360000 -0.022775 -0.032218
10.370000 -0.022583 -0.031947
10.380000 -0.022388 -0.031672
10.390000 -0.022192 -0.031395
10.400000 -0.021993 -0.031114
10.410000 -0.021793 -0.030831
10.420000 -0.021590 -0.030544
10.430000 -0.021385 -0.030255
10.440000 -0.021179 -0.029962
10.450000 -0.020970 -0.029667
10.460000 -0.020759 -0.029369
10.470000 -0.020546 -0.029068
10.480000 -0.020331 -0.028765
10.490000 -0.020115 -0.028458
10.500000 -0.019896 -0.028149
10.510000 -0.019675 -0.027838
10.520000 -0.019453 -0.027523
10.530000 -0.019229 -0.027206
10.540000 -0.019003 -0.026886
10.550000 -0.018775 -0.026564
10.560000 -0.018545 -0.026239
10.570000 -0.018314 -0.025912
10.580000 -0.018080 -0.025582
10.590000 -0.017845 -0.025250
10.600000 -0.017609 -0.024915
10.610000 -0.017370 -0.024578
10.620000 -0.017130 -0.024239
10.630000 -0.016889 -0.023897
10.640000 -0.016645 -0.023553
10.650000 -0.016400 -0.023207
10.660000 -0.016154 -0.022858
10.670000 -0.015906 -0.022507
10.680000 -0.015657 -0.022154
10.690000 -0.015406 -0.021799
10.700000 -0.015153 -0.021442
10.710000 -0.014899 -0.021083
10.720000 -0.014644 -0.020722
10.730000 -0.014387 -0.020359
10.740000 -0.014129 -0.019994
10.750000 -0.013870 -0.019627
10.760000 -0.013609 -0.019258
10.770000 -0.013347 -0.018887
10.780000 -0.013083 -0.018515
10.790000 -0.012819 -0.018140
10.800000 -0.012553 -0.017764
10.810000 -0.012286 -0.017387
10.820000 -0.012018 -0.017007
10.830000 -0.011748 -0.016626
10.840000 -0.011478 -0.016243
10.850000 -0.011206 -0.015859
10.860000 -0.010934 -0.015473
10.870000 -0.010660 -0.015086
10.880000 -0.010385 -0.014698
10.890000 -0.010110 -0.014307
10.900000 -0.009833 -0.013916
10.910000 -0.009555 -0.013523
10.920000 -0.009277 -0.013129
10.930000 -0.008997 -0.012734
10.940000 -0.008717 -0.012337
10.950000 -0.008436 -0.011940
10.960000 -0.008154 -0.011541
10.970000 -0.007871 -0.011141
10.980000 -0.007588 -0.010740
10.990000 -0.007304 -0.010338
11.000000 -0.007019 -0.009934
11.010000 -0.006734 -0.009530
11.020000 -0.006447 -0.009125
11.030000 -0.006161 -0.008720
11.040000 -0.005873 -0.008313
11.050000 -0.005585 -0.007906
11.060000 -0.005297 -0.007497
11.070000 -0.005008 -0.007088
11.080000 -0.004718 -0.006679
11.090000 -0.004429 -0.006268
11.100000 -0.004138 -0.005858
11.110000 -0.003848 -0.005446
11.120000 -0.003556 -0.005034
11.130000 -0.003265 -0.004622
11.140000 -0.002973 -0.004209
11.150000 -0.002681 -0.003796
11.160000 -0.002389 -0.003382
11.170000 -0.002097 -0.002968
11.180000 -0.001804 -0.002554
11.190000 -0.001511 -0.002139
11.200000 -0.001218 -0.001725
11.210000 -0.000925 -0.001310
11.220000 -0.000632 -0.000895
11.230000 -0.000338 -0.000480
11.240000 -0.000045 -0.000065
11.250000 0.000248 0.000350
11.260000 0.000542 0.000766
11.270000 0.000835 0.001181
11.280000 0.001128 0.001595
11.290000 0.001421 0.002010
11.300000 0.001714 0.002425
11.310000 0.002007 0.002839
11.320000 0.002299 0.003253
11.330000 0.002591 0.003667
11.340000 0.002884 0.004080
11.350000 0.003175 0.004493
11.360000 0.003467 0.004906
11.370000 0.003758 0.005318
11.380000 0.004049 0.005730
11.390000 0.004339 0.006141
11.400000 0.004629 0.006551
11.410000 0.004919 0.006961
11.420000 0.005208 0.007370
11.430000 0.005497 0.007779
11.440000 0.005785 0.008186
11.450000 0.006072 0.008593
11.460000 0.006359 0.008999
11.470000 0.006646 0.009404
11.480000 0.006931 0.009809
11.490000 0.007216 0.010212
11.500000 0.007501 0.010615
11.510000 0.007784 0.011016
11.520000 0.008067 0.011416
11.530000 0.008349 0.011816
11.540000 0.008631 0.012214
11.550000 0.008911 0.012611
11.560000 0.009191 0.013006
11.570000 0.009470 0.013401
11.580000 0.009747 0.013794
11.590000 0.010024 0.014186
11.600000 0.010300 0.014576
11.610000 0.010575 0.014966
11.620000 0.010849 0.015353
11.630000 0.011122 0.015739
11.640000 0.011394 0.016124
11.650000 0.011665 0.016507
11.660000 0.011935 0.016889
11.670000 0.012203 0.017269
11.680000 0.012471 0.017647
11.690000 0.012737 0.018024
11.700000 0.013002 0.018399
11.710000 0.013266 0.018772
11.720000 0.013528 0.019143
11.730000 0.013789 0.019513
11.740000 0.014049 0.019880
11.750000 0.014308 0.020246
11.760000 0.014565 0.020610
11.770000 0.014820 0.020971
11.780000 0.015075 0.021331
11.790000 0.015328 0.021689
11.800000 0.015579 0.022045
11.810000 0.015829 0.022398
11.820000 0.016078 0.022750
11.830000 0.016324 0.023099
11.840000 0.016570 0.023446
11.850000 0.016814 0.023791
11.860000 0.017056 0.024133
11.870000 0.017296 0.024473
11.880000 0.017535 0.024811
11.890000 0.017772 0.025146
11.900000 0.018008 0.025480
11.910000 0.018242 0.025810
11.920000 0.018474 0.026138
11.930000 0.018704 0.026464
11.940000 0.018932 0.026787
11.950000 0.019159 0.027107
11.960000 0.019384 0.027425
11.970000 0.019607 0.027741
11.980000 0.019828 0.028053
11.990000 0.020047 0.028363
12.000000 0.020264 0.028670
12.010000 0.020480 0.028975
12.020000 0.020693 0.029277
12.030000 0.020905 0.029576
12.040000 0.021114 0.029872
12.050000 0.021321 0.030165
12.060000 0.021527 0.030455
12.070000 0.021730 0.030743
12.080000 0.021931 0.031027
12.090000 0.022130 0.031309
12.100000 0.022327 0.031587
12.110000 0.022522 0.031863
12.120000 0.022715 0.032135
12.130000 0.022906 0.032404
12.140000 0.023094 0.032671
12.150000 0.023280 0.032934
12.160000 0.023464 0.033194
12.170000 0.023646 0.033450
12.180000 0.023825 0.033704
12.190000 0.024002 0.033954
12.200000 0.024177 0.034201
12.210000 0.024350 0.034445
12.220000 0.024520 0.034686
12.230000 0.024688 0.034923
12.240000 0.024853 0.035157
12.250000 0.025017 0.035387
12.260000 0.025177 0.035615
12.270000 0.025336 0.035838
12.280000 0.025492 0.036059
12.290000 0.025645 0.036275
12.300000 0.025796 0.036489
12.310000 0.025945 0.036699
12.320000 0.026091 0.036905
12.330000 0.026234 0.037108
12.340000 0.026375 0.037307
12.350000 0.026514 0.037503
12.360000 0.026650 0.037695
12.370000 0.026783 0.037883
12.380000 0.026914 0.038068
12.390000 0.027043 0.038249
12.400000 0.027168 0.038427
12.410000 0.027291 0.038601
12.420000 0.027412 0.038771
12.430000 0.027530 0.038938
12.440000 0.027645 0.039100
12.450000 0.027758 0.039260
12.460000 0.027868 0.039415
12.470000 0.027975 0.039566
12.480000 0.028080 0.039714
12.490000 0.028182 0.039858
12.500000 0.028281 0.039998
12.510000 0.028377 0.040134
12.520000 0.028471 0.040267
12.530000 0.028562 0.040395
12.540000 0.028651 0.040520
12.550000 0.028736 0.040641
12.560000 0.028819 0.040758
12.570000 0.028899 0.040871
12.580000 0.028977 0.040980
12.590000 0.029051 0.041085
12.600000 0.029123 0.041187
12.610000 0.029192 0.041284
12.620000 0.029258 0.041378
12.630000 0.029322 0.041467
12.640000 0.029382 0.041553
12.650000 0.029440 0.041634
12.660000 0.029495 0.041712
12.670000 0.029547 0.041785
12.680000 0.029597 0.041855
12.690000 0.029643 0.041920
12.700000 0.029687 0.041982
12.710000 0.029728 0.042039
12.720000 0.029766 0.042093
12.730000 0.029801 0.042143
12.740000 0.029833 0.042188
12.750000 0.029862 0.042229
12.760000 0.029889 0.042267
12.770000 0.029913 0.042300
12.780000 0.029933 0.042330
12.790000 0.029951 0.042355
12.800000 0.029967 0.042376
12.810000 0.029979 0.042393
12.820000 0.029988 0.042406
12.830000 0.029995 0.042415
12.840000 0.029998 0.042420
12.850000 0.029999 0.042421
12.860000 0.029997 0.042418
12.870000 0.029992 0.042411
12.880000 0.029984 0.042400
12.890000 0.029973 0.042385
12.900000 0.029960 0.042365
12.910000 0.029943 0.042342
12.920000 0.029924 0.042314
12.930000 0.029902 0.042283
12.940000 0.029877 0.042248
12.950000 0.029849 0.042208
12.960000 0.029818 0.042164
12.970000 0.029784 0.042117
12.980000 0.029748 0.042065
12.990000 0.029708 0.042009
13.000000 0.029666 0.041950
13.010000 0.029621 0.041886
13.020000 0.029573 0.041818
13.030000 0.029523 0.041747
13.040000 0.029469 0.041671
13.050000 0.029413 0.041591
13.060000 0.029354 0.041508
13.070000 0.029292 0.041420
13.080000 0.029227 0.041329
13.090000 0.029159 0.041233
13.100000 0.029089 0.041134
13.110000 0.029016 0.041030
13.120000 0.028940 0.040923
13.130000 0.028861 0.040812
13.140000 0.028780 0.040697
13.150000 0.028696 0.040578
13.160000 0.028609 0.040455
13.170000 0.028519 0.040328
13.180000 0.028427 0.040197
13.190000 0.028332 0.040063
13.200000 0.028234 0.039925
13.210000 0.028133 0.039782
13.220000 0.028030 0.039637
13.230000 0.027924 0.039487
13.240000 0.027815 0.039333
13.250000 0.027704 0.039176
13.260000 0.027590 0.039015
13.270000 0.027474 0.038850
13.280000 0.027354 0.038682
13.290000 0.027233 0.038510
13.300000 0.027108 0.038334
13.310000 0.026981 0.038155
13.320000 0.026852 0.037971
13.330000 0.026719 0.037785
13.340000 0.026585 0.037594
13.350000 0.026448 0.037400
13.360000 0.026308 0.037203
13.370000 0.026165 0.037002
13.380000 0.026021 0.036797
13.390000 0.025873 0.036589
13.400000 0.025724 0.036377
13.410000 0.025571 0.036162
13.420000 0.025417 0.035944
13.430000 0.025259 0.035722
13.440000 0.025100 0.035496
13.450000 0.024938 0.035267
13.460000 0.024774 0.035035
13.470000 0.024607 0.034799
13.480000 0.024438 0.034561
13.490000 0.024267 0.034318
13.500000 0.024093 0.034073
13.510000 0.023917 0.033824
13.520000 0.023739 0.033572
13.530000 0.023558 0.033317
13.540000 0.023375 0.033059
13.550000 0.023190 0.032797
13.560000 0.023003 0.032532
13.570000 0.022813 0.032265
13.580000 0.022622 0.031994
13.590000 0.022428 0.031720
13.600000 0.022232 0.031443
13.610000 0.022034 0.031163
13.620000 0.021833 0.030880
13.630000 0.021631 0.030594
13.640000 0.021427 0.030305
13.650000 0.021220 0.030013
13.660000 0.021012 0.029719
13.670000 0.020801 0.029421
13.680000 0.020589 0.029121
13.690000 0.020375 0.028818
13.700000 0.020158 0.028512
13.710000 0.019940 0.028203
13.720000 0.019720 0.027892
13.730000 0.019498 0.027578
13.740000 0.019274 0.027262
13.750000 0.019048 0.026942
13.760000 0.018820 0.026621
13.770000 0.018591 0.026296
13.780000 0.018360 0.025970
13.790000 0.018127 0.025640
13.800000 0.017892 0.025309
13.810000 0.017656 0.024974
13.820000 0.017417 0.024638
13.830000 0.017178 0.024299
13.840000 0.016936 0.023958
13.850000 0.016693 0.023614
13.860000 0.016449 0.023268
13.870000 0.016203 0.022920
13.880000 0.015955 0.022570
13.890000 0.015706 0.022218
13.900000 0.015455 0.021863
13.910000 0.015203 0.021506
13.920000 0.014949 0.021148
13.930000 0.014694 0.020787
13.940000 0.014437 0.020424
13.950000 0.014179 0.020060
13.960000 0.013920 0.019693
13.970000 0.013659 0.019325
13.980000 0.013398 0.018954
13.990000 0.013134 0.018582
14.000000 0.012870 0.018208
14.010000 0.012604 0.017833
14.020000 0.012337 0.017455
14.030000 0.012069 0.017076
14.040000 0.011800 0.016695
14.050000 0.011530 0.016313
14.060000 0.011258 0.015929
14.070000 0.010986 0.015544
14.080000 0.010712 0.015157
14.090000 0.010438 0.014769
14.100000 0.010162 0.014379
14.110000 0.009886 0.013988
14.120000 0.009608 0.013596
14.130000 0.009330 0.013202
14.140000 0.009050 0.012807
14.150000 0.008770 0.012411
14.160000 0.008489 0.012013
14.170000 0.008207 0.011615
14.180000 0.007925 0.011215
14.190000 0.007642 0.010814
14.200000 0.007357 0.010412
14.210000 0.007073 0.010010
14.220000 0.006787 0.009606
14.230000 0.006501 0.009201
14.240000 0.006214 0.008796
14.250000 0.005927 0.008389
14.260000 0.005639 0.007982
14.270000 0.005351 0.007574
14.280000 0.005062 0.007165
14.290000 0.004772 0.006756
14.300000 0.004482 0.006346
14.310000 0.004192 0.005935
14.320000 0.003901 0.005524
14.330000 0.003610 0.005112
14.340000 0.003319 0.004700
14.350000 0.003027 0.004287
14.360000 0.002735 0.003874
14.370000 0.002443 0.003461
14.380000 0.002150 0.003047
14.390000 0.001858 0.002633
14.400000 0.001565 0.002218
14.410000 0.001272 0.001804
14.420000 0.000979 0.001389
14.430000 0.000685 0.000974
14.440000 0.000392 0.000559
14.450000 0.000099 0.000144
14.460000 -0.000195 -0.000271
14.470000 -0.000488 -0.000686
14.480000 -0.000781 -0.001101
14.490000 -0.001075 -0.001516
14.500000 -0.001368 -0.001930
14.510000 -0.001661 -0.002345
14.520000 -0.001954 -0.002759
14.530000 -0.002246 -0.003173
14.540000 -0.002539 -0.003587
14.550000 -0.002831 -0.004000
14.560000 -0.003123 -0.004413
14.570000 -0.003414 -0.004826
14.580000 -0.003706 -0.005238
14.590000 -0.003997 -0.005650
14.600000 -0.004287 -0.006061
14.610000 -0.004577 -0.006471
14.620000 -0.004867 -0.006881
14.630000 -0.005156 -0.007290
14.640000 -0.005445 -0.007699
14.650000 -0.005733 -0.008107
14.660000 -0.006021 -0.008514
14.670000 -0.006308 -0.008920
14.680000 -0.006595 -0.009325
14.690000 -0.006880 -0.009730
14.700000 -0.007166 -0.010133
14.710000 -0.007450 -0.010536
14.720000 -0.007734 -0.010937
14.730000 -0.008017 -0.011338
14.740000 -0.008299 -0.011737
14.750000 -0.008581 -0.012135
14.760000 -0.008862 -0.012533
14.770000 -0.009141 -0.012928
14.780000 -0.009420 -0.013323
14.790000 -0.009698 -0.013717
14.800000 -0.009976 -0.014109
14.810000 -0.010252 -0.014499
14.820000 -0.010527 -0.014889
14.830000 -0.010801 -0.015277
14.840000 -0.011074 -0.015663
14.850000 -0.011346 -0.016048
14.860000 -0.011617 -0.016432
14.870000 -0.011887 -0.016813
14.880000 -0.012156 -0.017194
14.890000 -0.012424 -0.017572
14.900000 -0.012690 -0.017949
14.910000 -0.012955 -0.018324
14.920000 -0.013219 -0.018698
14.930000 -0.013482 -0.019070
14.940000 -0.013743 -0.019439
14.950000 -0.014004 -0.019807
14.960000 -0.014262 -0.020173
14.970000 -0.014520 -0.020538
14.980000 -0.014776 -0.020900
14.990000 -0.015030 -0.021260
15.000000 -0.015283 -0.021618
15.010000 -0.015535 -0.021974
15.020000 -0.015785 -0.022328
15.030000 -0.016034 -0.022680
15.040000 -0.016281 -0.023030
15.050000 -0.016527 -0.023377
15.060000 -0.016771 -0.023722
15.070000 -0.017013 -0.024065
15.080000 -0.017254 -0.024406
15.090000 -0.017493 -0.024744
15.100000 -0.017731 -0.025080
15.110000 -0.017966 -0.025414
15.120000 -0.018201 -0.025745
15.130000 -0.018433 -0.026073
15.140000 -0.018663 -0.026400
15.150000 -0.018892 -0.026723
15.160000 -0.019119 -0.027044
15.170000 -0.019344 -0.027363
15.180000 -0.019568 -0.027679
15.190000 -0.019789 -0.027992
15.200000 -0.020009 -0.028302
15.210000 -0.020226 -0.028610
15.220000 -0.020442 -0.028915
15.230000 -0.020656 -0.029217
15.240000 -0.020867 -0.029517
15.250000 -0.021077 -0.029814
15.260000 -0.021285 -0.030107
15.270000 -0.021490 -0.030398
15.280000 -0.021694 -0.030686
15.290000 -0.021896 -0.030972
15.300000 -0.022095 -0.031254
15.310000 -0.022293 -0.031533
15.320000 -0.022488 -0.031809
15.330000 -0.022681 -0.032082
15.340000 -0.022872 -0.032352
15.350000 -0.023060 -0.032619
15.360000 -0.023247 -0.032883
15.370000 -0.023431 -0.033143
15.380000 -0.023613 -0.033401
15.390000 -0.023793 -0.033655
15.400000 -0.023971 -0.033906
15.410000 -0.024146 -0.034154
15.420000 -0.024319 -0.034398
15.430000 -0.024489 -0.034640
15.440000 -0.024658 -0.034878
15.450000 -0.024824 -0.035112
15.460000 -0.024987 -0.035343
15.470000 -0.025148 -0.035571
15.480000 -0.025307 -0.035796
15.490000 -0.025463 -0.036017
15.500000 -0.025617 -0.036234
15.510000 -0.025768 -0.036448
15.520000 -0.025917 -0.036659
15.530000 -0.026064 -0.036866
15.540000 -0.026208 -0.037070
15.550000 -0.026349 -0.037270
15.560000 -0.026488 -0.037466
15.570000 -0.026625 -0.037659
15.580000 -0.026759 -0.037848
15.590000 -0.026890 -0.038034
15.600000 -0.027019 -0.038216
15.610000 -0.027145 -0.038395
15.620000 -0.027268 -0.038569
15.630000 -0.027389 -0.038740
15.640000 -0.027508 -0.038907
15.650000 -0.027623 -0.039071
15.660000 -0.027736 -0.039231
15.670000 -0.027847 -0.039387
15.680000 -0.027954 -0.039539
15.690000 -0.028060 -0.039688
15.700000 -0.028162 -0.039833
15.710000 -0.028262 -0.039973
15.720000 -0.028359 -0.040111
15.730000 -0.028453 -0.040244
15.740000 -0.028544 -0.040373
15.750000 -0.028633 -0.040499
15.760000 -0.028719 -0.040620
15.770000 -0.028803 -0.040738
15.780000 -0.028883 -0.040852
15.790000 -0.028961 -0.040962
15.800000 -0.029036 -0.041068
15.810000 -0.029108 -0.041170
15.820000 -0.029178 -0.041269
15.830000 -0.029244 -0.041363
15.840000 -0.029308 -0.041453
15.850000 -0.029369 -0.041539
15.860000 -0.029428 -0.041622
15.870000 -0.029483 -0.041700
15.880000 -0.029536 -0.041775
15.890000 -0.029586 -0.041845
15.900000 -0.029633 -0.041911
15.910000 -0.029677 -0.041974
15.920000 -0.029718 -0.042032
15.930000 -0.029756 -0.042086
15.940000 -0.029792 -0.042137
15.950000 -0.029825 -0.042183
15.960000 -0.029855 -0.042225
15.970000 -0.029882 -0.042264
15.980000 -0.029906 -0.042298
15.990000 -0.029927 -0.042328
16.000000 -0.029946 -0.042354
16.010000 -0.029961 -0.042376
16.020000 -0.029974 -0.042394
16.030000 -0.029984 -0.042408
16.040000 -0.029991 -0.042418
16.050000 -0.029995 -0.042424
16.060000 -0.029996 -0.042425
16.070000 -0.029995 -0.042423
16.080000 -0.029990 -0.042417
16.090000 -0.029983 -0.042406
16.100000 -0.029973 -0.042392
16.110000 -0.029960 -0.042373
16.120000 -0.029944 -0.042351
16.130000 -0.029925 -0.042324
16.140000 -0.029903 -0.042293
16.150000 -0.029879 -0.042259
16.160000 -0.029851 -0.042220
16.170000 -0.029821 -0.042177
16.180000 -0.029788 -0.042130
16.190000 -0.029752 -0.042079
16.200000 -0.029713 -0.042024
16.210000 -0.029671 -0.041965
16.220000 -0.029627 -0.041903
16.230000 -0.029580 -0.041836
16.240000 -0.029529 -0.041765
16.250000 -0.029476 -0.041690
16.260000 -0.029421 -0.041611
16.270000 -0.029362 -0.041528
16.280000 -0.029301 -0.041441
16.290000 -0.029236 -0.041350
16.300000 -0.029169 -0.041255
16.310000 -0.029100 -0.041157
16.320000 -0.029027 -0.041054
16.330000 -0.028952 -0.040947
16.340000 -0.028873 -0.040837
16.350000 -0.028793 -0.040723
16.360000 -0.028709 -0.040604
16.370000 -0.028622 -0.040482
16.380000 -0.028533 -0.040356
16.390000 -0.028441 -0.040226
16.400000 -0.028347 -0.040092
16.410000 -0.028249 -0.039955
16.420000 -0.028149 -0.039813
16.430000 -0.028047 -0.039668
16.440000 -0.027941 -0.039519
16.450000 -0.027833 -0.039366
16.460000 -0.027723 -0.039209
16.470000 -0.027609 -0.039049
16.480000 -0.027493 -0.038885
16.490000 -0.027374 -0.038717
16.500000 -0.027253 -0.038546
16.510000 -0.027129 -0.038371
16.520000 -0.027003 -0.038192
16.530000 -0.026874 -0.038009
16.540000 -0.026742 -0.037823
16.550000 -0.026608 -0.037633
16.560000 -0.026471 -0.037440
16.570000 -0.026332 -0.037243
16.580000 -0.026190 -0.037043
16.590000 -0.026046 -0.036839
16.600000 -0.025899 -0.036631
16.610000 -0.025750 -0.036420
16.620000 -0.025598 -0.036205
16.630000 -0.025444 -0.035987
16.640000 -0.025287 -0.035766
16.650000 -0.025128 -0.035541
16.660000 -0.024967 -0.035313
16.670000 -0.024803 -0.035081
16.680000 -0.024637 -0.034846
16.690000 -0.024468 -0.034608
16.700000 -0.024297 -0.034366
16.710000 -0.024124 -0.034121
16.720000 -0.023949 -0.033873
16.730000 -0.023771 -0.033621
16.740000 -0.023591 -0.033367
16.750000 -0.023408 -0.033109
16.760000 -0.023224 -0.032848
16.770000 -0.023037 -0.032583
16.780000 -0.022848 -0.032316
16.790000 -0.022657 -0.032046
16.800000 -0.022463 -0.031772
16.810000 -0.022268 -0.031496
16.820000 -0.022070 -0.031216
16.830000 -0.021871 -0.030934
16.840000 -0.021669 -0.030648
16.850000 -0.021465 -0.030360
16.860000 -0.021259 -0.030068
16.870000 -0.021051 -0.029774
16.880000 -0.020841 -0.029477
16.890000 -0.020629 -0.029177
16.900000 -0.020415 -0.028875
16.910000 -0.020199 -0.028569
16.920000 -0.019981 -0.028261
16.930000 -0.019761 -0.027950
16.940000 -0.019540 -0.027637
16.950000 -0.019316 -0.027321
16.960000 -0.019091 -0.027002
16.970000 -0.018863 -0.026680
16.980000 -0.018634 -0.026357
16.990000 -0.018404 -0.026030
17.000000 -0.018171 -0.025701
17.010000 -0.017937 -0.025370
17.020000 -0.017701 -0.025036
17.030000 -0.017463 -0.024700
17.040000 -0.017224 -0.024361
17.050000 -0.016983 -0.024020
17.060000 -0.016740 -0.023677
17.070000 -0.016496 -0.023331
17.080000 -0.016250 -0.022984
17.090000 -0.016003 -0.022634
17.100000 -0.015754 -0.022282
17.110000 -0.015503 -0.021928
17.120000 -0.015251 -0.021571
17.130000 -0.014998 -0.021213
17.140000 -0.014743 -0.020852
17.150000 -0.014487 -0.020490
17.160000 -0.014229 -0.020126
17.170000 -0.013970 -0.019759
17.180000 -0.013710 -0.019391
17.190000 -0.013449 -0.019021
17.200000 -0.013186 -0.018649
17.210000 -0.012921 -0.018276
17.220000 -0.012656 -0.017900
17.230000 -0.012390 -0.017523
17.240000 -0.012122 -0.017144
17.250000 -0.011853 -0.016764
17.260000 -0.011583 -0.016382
17.270000 -0.011312 -0.015998
17.280000 -0.011039 -0.015613
17.290000 -0.010766 -0.015226
17.300000 -0.010492 -0.014838
17.310000 -0.010216 -0.014449
17.320000 -0.009940 -0.014058
17.330000 -0.009663 -0.013666
17.340000 -0.009384 -0.013272
17.350000 -0.009105 -0.012877
17.360000 -0.008825 -0.012481
17.370000 -0.008545 -0.012084
17.380000 -0.008263 -0.011685
17.390000 -0.007981 -0.011286
17.400000 -0.007697 -0.010885
17.410000 -0.007413 -0.010484
17.420000 -0.007129 -0.010081
17.430000 -0.006843 -0.009677
17.440000 -0.006557 -0.009273
17.450000 -0.006271 -0.008867
17.460000 -0.005984 -0.008461
17.470000 -0.005696 -0.008054
17.480000 -0.005408 -0.007646
17.490000 -0.005119 -0.007238
17.500000 -0.004829 -0.006828
17.510000 -0.004540 -0.006418
17.520000 -0.004249 -0.006008
17.530000 -0.003959 -0.005597
17.540000 -0.003668 -0.005185
17.550000 -0.003376 -0.004773
17.560000 -0.003085 -0.004360
17.570000 -0.002793 -0.003947
17.580000 -0.002501 -0.003534
17.590000 -0.002208 -0.003120
17.600000 -0.001915 -0.002706
17.610000 -0.001623 -0.002292
17.620000 -0.001329 -0.001877
17.630000 -0.001036 -0.001463
17.640000 -0.000743 -0.001048
17.650000 -0.000450 -0.000633
17.660000 -0.000156 -0.000218
17.670000 0.000137 0.000197
17.680000 0.000430 0.000612
17.690000 0.000724 0.001027
17.700000 0.001017 0.001442
17.710000 0.001310 0.001857
17.720000 0.001603 0.002271
17.730000 0.001896 0.002686
17.740000 0.002189 0.003100
17.750000 0.002481 0.003513
17.760000 0.002774 0.003927
17.770000 0.003066 0.004340
17.780000 0.003357 0.004752
17.790000 0.003649 0.005165
17.800000 0.003940 0.005576
17.810000 0.004230 0.005987
17.820000 0.004521 0.006398
17.830000 0.004811 0.006808
17.840000 0.005100 0.007217
17.850000 0.005389 0.007626
17.860000 0.005677 0.008034
17.870000 0.005965 0.008441
17.880000 0.006252 0.008847
17.890000 0.006539 0.009252
17.900000 0.006825 0.009657
17.910000 0.007110 0.010061
17.920000 0.007395 0.010463
17.930000 0.007679 0.010865
17.940000 0.007962 0.011266
17.950000 0.008245 0.011665
17.960000 0.008526 0.012064
17.970000 0.008807 0.012461
17.980000 0.009087 0.012857
17.990000 0.009367 0.013252
18.000000 0.009645 0.013645
18.010000 0.009922 0.014038
18.020000 0.010199 0.014428
18.030000 0.010474 0.014818
18.040000 0.010749 0.015206
18.050000 0.011022 0.015593
18.060000 0.011294 0.015978
18.070000 0.011566 0.016362
18.080000 0.011836 0.016744
18.090000 0.012105 0.017124
18.100000 0.012373 0.017503
18.110000 0.012640 0.017880
18.120000 0.012905 0.018256
18.130000 0.013169 0.018629
18.140000 0.013432 0.019001
18.150000 0.013694 0.019371
18.160000 0.013954 0.019739
18.170000 0.014214 0.020106
18.180000 0.014471 0.020470
18.190000 0.014728 0.020833
18.200000 0.014983 0.021193
18.210000 0.015236 0.021551
18.220000 0.015488 0.021908
18.230000 0.015739 0.022262
18.240000 0.015988 0.022614
18.250000 0.016235 0.022964
18.260000 0.016481 0.023312
18.270000 0.016726 0.023658
18.280000 0.016968 0.024001
18.290000 0.017210 0.024342
18.300000 0.017449 0.024680
18.310000 0.017687 0.025017
18.320000 0.017923 0.025351
18.330000 0.018158 0.025682
18.340000 0.018390 0.026011
18.350000 0.018621 0.026338
18.360000 0.018850 0.026662
18.370000 0.019078 0.026983
18.380000 0.019303 0.027302
18.390000 0.019527 0.027618
18.400000 0.019749 0.027932
18.410000 0.019969 0.028243
18.420000 0.020187 0.028551
18.430000 0.020403 0.028856
18.440000 0.020617 0.029159
18.450000 0.020829 0.029459
18.460000 0.021039 0.029756
18.470000 0.021248 0.030050
18.480000 0.021454 0.030342
18.490000 0.021658 0.030630
18.500000 0.021860 0.030916
18.510000 0.022060 0.031199
18.520000 0.022258 0.031478
18.530000 0.022453 0.031755
18.540000 0.022647 0.032028
18.550000 0.022838 0.032299
18.560000 0.023027 0.032566
18.570000 0.023214 0.032831
18.580000 0.023399 0.033092
18.590000 0.023582 0.033350
18.600000 0.023762 0.033605
18.610000 0.023940 0.033856
18.620000 0.024116 0.034105
18.630000 0.024289 0.034350
18.640000 0.024460 0.034591
18.650000 0.024629 0.034830
18.660000 0.024795 0.035065
18.670000 0.024959 0.035297
18.680000 0.025121 0.035525
18.690000 0.025280 0.035750
18.700000 0.025437 0.035972
18.710000 0.025591 0.036190
18.720000 0.025743 0.036405
18.730000 0.025892 0.036616
18.740000 0.026039 0.036824
18.750000 0.026184 0.037028
18.760000 0.026326 0.037229
18.770000 0.026465 0.037426
18.780000 0.026602 0.037619
18.790000 0.026737 0.037809
18.800000 0.026868 0.037996
18.810000 0.026998 0.038178
18.820000 0.027124 0.038357
18.830000 0.027248 0.038533
18.840000 0.027370 0.038704
18.850000 0.027489 0.038872
18.860000 0.027605 0.039037
18.870000 0.027718 0.039197
18.880000 0.027829 0.039354
18.890000 0.027938 0.039507
18.900000 0.028043 0.039656
18.910000 0.028146 0.039802
18.920000 0.028246 0.039943
18.930000 0.028344 0.040081
18.940000 0.028438 0.040215
18.950000 0.028530 0.040345
18.960000 0.028620 0.040471
18.970000 0.028706 0.040594
18.980000 0.028790 0.040712
18.990000 0.028871 0.040827
19.000000 0.028950 0.040938
19.010000 0.029025 0.041045
19.020000 0.029098 0.041148
19.030000 0.029168 0.041246
19.040000 0.029235 0.041342
19.050000 0.029299 0.041433
19.060000 0.029361 0.041520
19.070000 0.029420 0.041603
19.080000 0.029476 0.041682
19.090000 0.029529 0.041757
19.100000 0.029579 0.041828
19.110000 0.029627 0.041896
19.120000 0.029671 0.041959
19.130000 0.029713 0.042018
19.140000 0.029752 0.042073
19.150000 0.029788 0.042124
19.160000 0.029821 0.042171
19.170000 0.029852 0.042214
19.180000 0.029879 0.042253
19.190000 0.029904 0.042288
19.200000 0.029926 0.042319
19.210000 0.029945 0.042346
19.220000 0.029961 0.042369
19.230000 0.029974 0.042388
19.240000 0.029984 0.042403
19.250000 0.029992 0.042413
19.260000 0.029997 0.042420
19.270000 0.029998 0.042423
19.280000 0.029997 0.042421
19.290000 0.029993 0.042416
19.300000 0.029986 0.042406
19.310000 0.029977 0.042392
19.320000 0.029964 0.042375
19.330000 0.029948 0.042353
19.340000 0.029930 0.042327
19.350000 0.029909 0.042297
19.360000 0.029885 0.042263
19.370000 0.029858 0.042226
19.380000 0.029828 0.042184
19.390000 0.029795 0.042138
19.400000 0.029760 0.042088
19.410000 0.029722 0.042033
19.420000 0.029680 0.041975
19.430000 0.029636 0.041913
19.440000 0.029590 0.041847
19.450000 0.029540 0.041777
19.460000 0.029487 0.041703
19.470000 0.029432 0.041625
19.480000 0.029374 0.041543
19.490000 0.029313 0.041457
19.500000 0.029249 0.041367
19.510000 0.029183 0.041273
19.520000 0.029113 0.041175
19.530000 0.029041 0.041073
19.540000 0.028966 0.040967
19.550000 0.028888 0.040858
19.560000 0.028808 0.040744
19.570000 0.028725 0.040627
19.580000 0.028639 0.040505
19.590000 0.028550 0.040380
19.600000 0.028459 0.040251
19.610000 0.028364 0.040118
19.620000 0.028268 0.039981
19.630000 0.028168 0.039841
19.640000 0.028066 0.039696
19.650000 0.027961 0.039548
19.660000 0.027853 0.039396
19.670000 0.027743 0.039240
19.680000 0.027630 0.039081
19.690000 0.027514 0.038917
19.700000 0.027396 0.038750
19.710000 0.027275 0.038580
19.720000 0.027152 0.038405
19.730000 0.027026 0.038227
19.740000 0.026897 0.038045
19.750000 0.026766 0.037860
19.760000 0.026632 0.037671
19.770000 0.026496 0.037478
19.780000 0.026357 0.037282
19.790000 0.026215 0.037082
19.800000 0.026072 0.036879
19.810000 0.025925 0.036672
19.820000 0.025776 0.036462
19.830000 0.025625 0.036248
19.840000 0.025471 0.036031
19.850000 0.025315 0.035810
19.860000 0.025156 0.035586
19.870000 0.024995 0.035358
19.880000 0.024832 0.035127
19.890000 0.024666 0.034893
19.900000 0.024498 0.034655
19.910000 0.024327 0.034414
19.920000 0.024155 0.034170
19.930000 0.023979 0.033923
19.940000 0.023802 0.033672
19.950000 0.023622 0.033418
19.960000 0.023440 0.033160
19.970000 0.023256 0.032900
19.980000 0.023070 0.032637
19.990000 0.022881 0.032370
