0.000000 5.000000 2.000000
0.050000 5.000147 1.999915
0.100000 5.000586 1.999662
0.150000 5.001313 1.999242
0.200000 5.002325 1.998658
0.250000 5.003618 1.997912
0.300000 5.005183 1.997010
0.350000 5.007016 1.995954
0.400000 5.009107 1.994751
0.450000 5.011449 1.993404
0.500000 5.014031 1.991921
0.550000 5.016843 1.990308
0.600000 5.019875 1.988570
0.650000 5.023115 1.986716
0.700000 5.026550 1.984753
0.750000 5.030168 1.982688
0.800000 5.033955 1.980530
0.850000 5.037899 1.978286
0.900000 5.041986 1.975964
0.950000 5.046200 1.973574
1.000000 5.050528 1.971122
1.050000 5.054955 1.968617
1.100000 5.059467 1.966069
1.150000 5.064049 1.963484
1.200000 5.068687 1.960871
1.250000 5.073365 1.958237
1.300000 5.078070 1.955591
1.350000 5.082788 1.952940
1.400000 5.087503 1.950291
1.450000 5.092203 1.947651
1.500000 5.096874 1.945028
1.550000 5.101503 1.942426
1.600000 5.106078 1.939853
1.650000 5.110585 1.937315
1.700000 5.115013 1.934816
1.750000 5.119350 1.932362
1.800000 5.123585 1.929958
1.850000 5.127708 1.927609
1.900000 5.131709 1.925318
1.950000 5.135577 1.923090
2.000000 5.139304 1.920928
2.050000 5.142881 1.918836
2.100000 5.146300 1.916817
2.150000 5.149554 1.914872
2.200000 5.152634 1.913006
2.250000 5.155536 1.911219
2.300000 5.158252 1.909514
2.350000 5.160777 1.907894
2.400000 5.163106 1.906358
2.450000 5.165235 1.904908
2.500000 5.167159 1.903547
2.550000 5.168875 1.902273
2.600000 5.170381 1.901089
2.650000 5.171672 1.899995
2.700000 5.172748 1.898991
2.750000 5.173607 1.898077
2.800000 5.174247 1.897253
2.850000 5.174667 1.896520
2.900000 5.174869 1.895878
2.950000 5.174851 1.895325
3.000000 5.174614 1.894862
3.050000 5.174160 1.894489
3.100000 5.173490 1.894204
3.150000 5.172605 1.894006
3.200000 5.171508 1.893896
3.250000 5.170202 1.893872
3.300000 5.168689 1.893933
3.350000 5.166974 1.894078
3.400000 5.165060 1.894305
3.450000 5.162951 1.894614
3.500000 5.160652 1.895003
3.550000 5.158167 1.895469
3.600000 5.155503 1.896013
3.650000 5.152664 1.896631
3.700000 5.149658 1.897321
3.750000 5.146489 1.898083
3.800000 5.143165 1.898912
3.850000 5.139693 1.899807
3.900000 5.136080 1.900766
3.950000 5.132334 1.901785
4.000000 5.128462 1.902861
4.050000 5.124473 1.903992
4.100000 5.120375 1.905175
4.150000 5.116178 1.906405
4.200000 5.111889 1.907680
4.250000 5.107519 1.908996
4.300000 5.103076 1.910348
4.350000 5.098570 1.911733
4.400000 5.094012 1.913146
4.450000 5.089410 1.914583
4.500000 5.084776 1.916040
4.550000 5.080118 1.917512
4.600000 5.075449 1.918993
4.650000 5.070777 1.920480
4.700000 5.066114 1.921967
4.750000 5.061469 1.923448
4.800000 5.056854 1.924919
4.850000 5.052279 1.926374
4.900000 5.047754 1.927808
4.950000 5.043289 1.929215
5.000000 5.038894 1.930590
5.050000 5.034580 1.931928
5.100000 5.030356 1.933223
5.150000 5.026232 1.934470
5.200000 5.022217 1.935664
5.250000 5.018320 1.936799
5.300000 5.014550 1.937871
5.350000 5.010914 1.938875
5.400000 5.007422 1.939805
5.450000 5.004080 1.940658
5.500000 5.000895 1.941429
5.550000 4.997875 1.942114
5.600000 4.995025 1.942710
5.650000 4.992351 1.943212
5.700000 4.989858 1.943618
5.750000 4.987551 1.943925
5.800000 4.985433 1.944131
5.850000 4.983508 1.944232
5.900000 4.981779 1.944228
5.950000 4.980247 1.944117
6.000000 4.978914 1.943897
6.050000 4.977782 1.943569
6.100000 4.976850 1.943132
6.150000 4.976119 1.942585
6.200000 4.975586 1.941930
6.250000 4.975251 1.941167
6.300000 4.975112 1.940298
6.350000 4.975166 1.939323
6.400000 4.975409 1.938246
6.450000 4.975838 1.937067
6.500000 4.976448 1.935791
6.550000 4.977234 1.934419
6.600000 4.978192 1.932955
6.650000 4.979315 1.931403
6.700000 4.980597 1.929765
6.750000 4.982032 1.928047
6.800000 4.983612 1.926252
6.850000 4.985331 1.924385
6.900000 4.987180 1.922450
6.950000 4.989152 1.920451
7.000000 4.991238 1.918394
7.050000 4.993431 1.916284
7.100000 4.995722 1.914124
7.150000 4.998102 1.911921
7.200000 5.000563 1.909679
7.250000 5.003095 1.907403
7.300000 5.005691 1.905098
7.350000 5.008340 1.902769
7.400000 5.011035 1.900421
7.450000 5.013767 1.898059
7.500000 5.016526 1.895687
7.550000 5.019305 1.893309
7.600000 5.022094 1.890931
7.650000 5.024886 1.888556
7.700000 5.027672 1.886189
7.750000 5.030444 1.883834
7.800000 5.033195 1.881495
7.850000 5.035917 1.879175
7.900000 5.038602 1.876877
7.950000 5.041243 1.874606
8.000000 5.043834 1.872364
8.050000 5.046367 1.870154
8.100000 5.048837 1.867979
8.150000 5.051238 1.865842
8.200000 5.053562 1.863746
8.250000 5.055806 1.861691
8.300000 5.057963 1.859681
8.350000 5.060029 1.857718
8.400000 5.061999 1.855803
8.450000 5.063869 1.853937
8.500000 5.065634 1.852124
8.550000 5.067290 1.850362
8.600000 5.068835 1.848655
8.650000 5.070265 1.847002
8.700000 5.071576 1.845405
8.750000 5.072767 1.843865
8.800000 5.073834 1.842381
8.850000 5.074776 1.840956
8.900000 5.075590 1.839589
8.950000 5.076276 1.838280
9.000000 5.076831 1.837030
9.050000 5.077254 1.835839
9.100000 5.077545 1.834708
9.150000 5.077704 1.833635
9.200000 5.077729 1.832621
9.250000 5.077620 1.831666
9.300000 5.077378 1.830770
9.350000 5.077002 1.829932
9.400000 5.076494 1.829153
9.450000 5.075854 1.828431
9.500000 5.075082 1.827766
9.550000 5.074181 1.827158
9.600000 5.073151 1.826606
9.650000 5.071994 1.826110
9.700000 5.070711 1.825669
9.750000 5.069305 1.825282
9.800000 5.067778 1.824948
9.850000 5.066131 1.824667
9.900000 5.064368 1.824438
9.950000 5.062491 1.824260
10.000000 5.060502 1.824132
10.050000 5.058405 1.824053
10.100000 5.056202 1.824022
10.150000 5.053898 1.824037
10.200000 5.051494 1.824098
10.250000 5.048996 1.824204
10.300000 5.046406 1.824353
10.350000 5.043728 1.824543
10.400000 5.040967 1.824774
10.450000 5.038126 1.825043
10.500000 5.035210 1.825350
10.550000 5.032222 1.825693
10.600000 5.029168 1.826069
10.650000 5.026051 1.826478
10.700000 5.022877 1.826917
10.750000 5.019650 1.827385
10.800000 5.016375 1.827880
10.850000 5.013057 1.828399
10.900000 5.009700 1.828941
10.950000 5.006311 1.829503
11.000000 5.002893 1.830083
11.050000 4.999453 1.830679
11.100000 4.995995 1.831289
11.150000 4.992524 1.831910
11.200000 4.989047 1.832539
11.250000 4.985567 1.833175
11.300000 4.982091 1.833815
11.350000 4.978623 1.834455
11.400000 4.975170 1.835094
11.450000 4.971736 1.835729
11.500000 4.968326 1.836357
11.550000 4.964945 1.836976
11.600000 4.961600 1.837582
11.650000 4.958294 1.838173
11.700000 4.955033 1.838747
11.750000 4.951822 1.839300
11.800000 4.948665 1.839831
11.850000 4.945567 1.840335
11.900000 4.942534 1.840812
11.950000 4.939568 1.841257
12.000000 4.936675 1.841669
12.050000 4.933859 1.842046
12.100000 4.931123 1.842384
12.150000 4.928471 1.842682
12.200000 4.925908 1.842937
12.250000 4.923435 1.843148
12.300000 4.921058 1.843312
12.350000 4.918778 1.843427
12.400000 4.916598 1.843492
12.450000 4.914521 1.843505
12.500000 4.912549 1.843465
12.550000 4.910685 1.843370
12.600000 4.908929 1.843219
12.650000 4.907285 1.843011
12.700000 4.905751 1.842744
12.750000 4.904331 1.842419
12.800000 4.903025 1.842035
12.850000 4.901832 1.841591
12.900000 4.900754 1.841087
12.950000 4.899791 1.840523
13.000000 4.898941 1.839899
13.050000 4.898206 1.839216
13.100000 4.897583 1.838473
13.150000 4.897072 1.837671
13.200000 4.896671 1.836810
13.250000 4.896380 1.835893
13.300000 4.896196 1.834919
13.350000 4.896118 1.833890
13.400000 4.896142 1.832807
13.450000 4.896268 1.831672
13.500000 4.896492 1.830486
13.550000 4.896812 1.829250
13.600000 4.897224 1.827967
13.650000 4.897726 1.826638
13.700000 4.898315 1.825265
13.750000 4.898987 1.823850
13.800000 4.899738 1.822395
13.850000 4.900565 1.820903
13.900000 4.901465 1.819376
13.950000 4.902433 1.817815
14.000000 4.903465 1.816224
14.050000 4.904559 1.814604
14.100000 4.905709 1.812957
14.150000 4.906912 1.811287
14.200000 4.908163 1.809595
14.250000 4.909459 1.807884
14.300000 4.910795 1.806157
14.350000 4.912168 1.804414
14.400000 4.913573 1.802660
14.450000 4.915006 1.800895
14.500000 4.916463 1.799123
14.550000 4.917940 1.797345
14.600000 4.919434 1.795564
14.650000 4.920939 1.793781
14.700000 4.922453 1.792000
14.750000 4.923972 1.790220
14.800000 4.925491 1.788446
14.850000 4.927008 1.786677
14.900000 4.928519 1.784917
14.950000 4.930020 1.783167
15.000000 4.931508 1.781428
15.050000 4.932979 1.779702
15.100000 4.934432 1.777991
15.150000 4.935861 1.776296
15.200000 4.937266 1.774617
15.250000 4.938642 1.772958
15.300000 4.939987 1.771318
15.350000 4.941298 1.769698
15.400000 4.942573 1.768101
15.450000 4.943810 1.766526
15.500000 4.945006 1.764975
15.550000 4.946159 1.763448
15.600000 4.947267 1.761946
15.650000 4.948328 1.760471
15.700000 4.949340 1.759021
15.750000 4.950301 1.757599
15.800000 4.951211 1.756205
15.850000 4.952067 1.754838
15.900000 4.952867 1.753500
15.950000 4.953612 1.752190
16.000000 4.954299 1.750910
16.050000 4.954927 1.749659
16.100000 4.955496 1.748437
16.150000 4.956004 1.747246
16.200000 4.956451 1.746083
16.250000 4.956835 1.744951
16.300000 4.957158 1.743849
16.350000 4.957417 1.742777
16.400000 4.957612 1.741734
16.450000 4.957743 1.740722
16.500000 4.957811 1.739739
16.550000 4.957813 1.738786
16.600000 4.957752 1.737863
16.650000 4.957625 1.736969
16.700000 4.957434 1.736105
16.750000 4.957179 1.735270
16.800000 4.956860 1.734464
16.850000 4.956476 1.733686
16.900000 4.956029 1.732938
16.950000 4.955518 1.732217
17.000000 4.954945 1.731525
17.050000 4.954309 1.730860
17.100000 4.953611 1.730223
17.150000 4.952852 1.729614
17.200000 4.952032 1.729031
17.250000 4.951153 1.728475
17.300000 4.950214 1.727945
17.350000 4.949218 1.727442
17.400000 4.948164 1.726964
17.450000 4.947053 1.726512
17.500000 4.945887 1.726085
17.550000 4.944667 1.725682
17.600000 4.943393 1.725304
17.650000 4.942067 1.724950
17.700000 4.940690 1.724620
17.750000 4.939262 1.724313
17.800000 4.937786 1.724028
17.850000 4.936262 1.723766
17.900000 4.934693 1.723527
17.950000 4.933078 1.723308
18.000000 4.931419 1.723111
18.050000 4.929719 1.722935
18.100000 4.927977 1.722779
18.150000 4.926197 1.722643
18.200000 4.924378 1.722526
18.250000 4.922523 1.722428
18.300000 4.920634 1.722348
18.350000 4.918711 1.722286
18.400000 4.916756 1.722241
18.450000 4.914771 1.722213
18.500000 4.912758 1.722201
18.550000 4.910719 1.722204
18.600000 4.908654 1.722222
18.650000 4.906565 1.722255
18.700000 4.904455 1.722301
18.750000 4.902325 1.722361
18.800000 4.900177 1.722432
18.850000 4.898012 1.722516
18.900000 4.895832 1.722610
18.950000 4.893639 1.722715
19.000000 4.891435 1.722829
19.050000 4.889222 1.722951
19.100000 4.887001 1.723082
19.150000 4.884775 1.723220
19.200000 4.882544 1.723364
19.250000 4.880311 1.723514
19.300000 4.878078 1.723668
19.350000 4.875846 1.723827
19.400000 4.873617 1.723988
19.450000 4.871393 1.724152
19.500000 4.869176 1.724317
19.550000 4.866968 1.724482
19.600000 4.864770 1.724647
19.650000 4.862584 1.724811
19.700000 4.860412 1.724972
19.750000 4.858256 1.725130
19.800000 4.856116 1.725284
19.850000 4.853996 1.725433
19.900000 4.851896 1.725575
19.950000 4.849819 1.725711
