0.009000 2.997310
0.019000 2.987291
0.029000 2.970001
0.039000 2.945590
0.049000 2.914224
0.059000 2.876080
0.069000 2.831355
0.079000 2.780255
0.089000 2.723000
0.099000 2.659823
0.109000 2.590968
0.119000 2.516688
0.129000 2.437248
0.139000 2.352920
0.149000 2.263986
0.159000 2.170733
0.169000 2.073457
0.179000 1.972458
0.189000 1.868041
0.199000 1.760516
0.209000 1.650195
0.219000 1.537394
0.229000 1.422427
0.239000 1.305614
0.249000 1.187270
0.259000 1.067713
0.269000 0.947256
0.279000 0.826212
0.289000 0.704890
0.299000 0.583596
0.309000 0.462630
0.319000 0.342288
0.329000 0.222859
0.339000 0.104627
0.349000 -0.012133
0.359000 -0.127152
0.369000 -0.240169
0.379000 -0.350935
0.389000 -0.459206
0.399000 -0.564750
0.409000 -0.667346
0.419000 -0.766781
0.429000 -0.862856
0.439000 -0.955380
0.449000 -1.044176
0.459000 -1.129079
0.469000 -1.209934
0.479000 -1.286601
0.489000 -1.358949
0.499000 -1.426863
0.509000 -1.490239
0.519000 -1.548987
0.529000 -1.603027
0.539000 -1.652295
0.549000 -1.696739
0.559000 -1.736319
0.569000 -1.771008
0.579000 -1.800791
0.589000 -1.825666
0.599000 -1.845644
0.609000 -1.860746
0.619000 -1.871007
0.629000 -1.876472
0.639000 -1.877197
0.649000 -1.873252
0.659000 -1.864712
0.669000 -1.851668
0.679000 -1.834217
0.689000 -1.812468
0.699000 -1.786537
0.709000 -1.756550
0.719000 -1.722641
0.729000 -1.684952
0.739000 -1.643631
0.749000 -1.598835
0.759000 -1.550725
0.769000 -1.499470
0.779000 -1.445242
0.789000 -1.388221
0.799000 -1.328588
0.809000 -1.266531
0.819000 -1.202237
0.829000 -1.135901
0.839000 -1.067716
0.849000 -0.997880
0.859000 -0.926589
0.869000 -0.854042
0.879000 -0.780437
0.889000 -0.705973
0.899000 -0.630847
0.909000 -0.555255
0.919000 -0.479393
0.929000 -0.403452
0.939000 -0.327621
0.949000 -0.252089
0.959000 -0.177037
0.969000 -0.102645
0.979000 -0.029089
0.989000 0.043462
0.999000 0.114842
1.009000 0.184891
1.019000 0.253455
1.029000 0.320384
1.039000 0.385538
1.049000 0.448779
1.059000 0.509980
1.069000 0.569017
1.079000 0.625777
1.089000 0.680151
1.099000 0.732040
1.109000 0.781350
1.119000 0.827999
1.129000 0.871907
1.139000 0.913008
1.149000 0.951239
1.159000 0.986548
1.169000 1.018891
1.179000 1.048229
1.189000 1.074535
1.199000 1.097788
1.209000 1.117974
1.219000 1.135088
1.229000 1.149133
1.239000 1.160119
1.249000 1.168064
1.259000 1.172992
1.269000 1.174935
1.279000 1.173933
1.289000 1.170030
1.299000 1.163279
1.309000 1.153739
1.319000 1.141474
1.329000 1.126555
1.339000 1.109057
1.349000 1.089062
1.359000 1.066655
1.369000 1.041928
1.379000 1.014977
1.389000 0.985900
1.399000 0.954802
1.409000 0.921788
1.419000 0.886969
1.429000 0.850459
1.439000 0.812371
1.449000 0.772825
1.459000 0.731939
1.469000 0.689834
1.479000 0.646634
1.489000 0.602462
1.499000 0.557440
1.509000 0.511695
1.519000 0.465349
1.529000 0.418526
1.539000 0.371351
1.549000 0.323944
1.559000 0.276428
1.569000 0.228922
1.579000 0.181544
1.589000 0.134409
1.599000 0.087631
1.609000 0.041320
1.619000 -0.004414
1.629000 -0.049467
1.639000 -0.093737
1.649000 -0.137126
1.659000 -0.179539
1.669000 -0.220884
1.679000 -0.261075
1.689000 -0.300029
1.699000 -0.337667
1.709000 -0.373916
1.719000 -0.408705
1.729000 -0.441969
1.739000 -0.473648
1.749000 -0.503688
1.759000 -0.532036
1.769000 -0.558648
1.779000 -0.583483
1.789000 -0.606505
1.799000 -0.627684
1.809000 -0.646995
1.819000 -0.664416
1.829000 -0.679931
1.839000 -0.693532
1.849000 -0.705211
1.859000 -0.714968
1.869000 -0.722806
1.879000 -0.728735
1.889000 -0.732768
1.899000 -0.734922
1.909000 -0.735220
1.919000 -0.733688
1.929000 -0.730357
1.939000 -0.725261
1.949000 -0.718439
1.959000 -0.709933
1.969000 -0.699789
1.979000 -0.688057
1.989000 -0.674787
1.999000 -0.660037
2.009000 -0.643864
2.019000 -0.626329
2.029000 -0.607496
2.039000 -0.587430
2.049000 -0.566200
2.059000 -0.543875
2.069000 -0.520527
2.079000 -0.496229
2.089000 -0.471054
2.099000 -0.445079
2.109000 -0.418379
2.119000 -0.391031
2.129000 -0.363114
2.139000 -0.334704
2.149000 -0.305879
2.159000 -0.276717
2.169000 -0.247295
2.179000 -0.217690
2.189000 -0.187979
2.199000 -0.158236
2.209000 -0.128536
2.219000 -0.098952
2.229000 -0.069556
2.239000 -0.040417
2.249000 -0.011606
2.259000 0.016812
2.269000 0.044772
2.279000 0.072212
2.289000 0.099069
2.299000 0.125288
2.309000 0.150811
2.319000 0.175586
2.329000 0.199561
2.339000 0.222690
2.349000 0.244927
2.359000 0.266230
2.369000 0.286560
2.379000 0.305881
2.389000 0.324158
2.399000 0.341364
2.409000 0.357469
2.419000 0.372451
2.429000 0.386289
2.439000 0.398965
2.449000 0.410464
2.459000 0.420776
2.469000 0.429892
2.479000 0.437807
2.489000 0.444519
2.499000 0.450028
2.509000 0.454340
2.519000 0.457460
2.529000 0.459399
2.539000 0.460169
2.549000 0.459785
2.559000 0.458265
2.569000 0.455629
2.579000 0.451901
2.589000 0.447105
2.599000 0.441269
2.609000 0.434423
2.619000 0.426599
2.629000 0.417831
2.639000 0.408153
2.649000 0.397604
2.659000 0.386221
2.669000 0.374047
2.679000 0.361123
2.689000 0.347491
2.699000 0.333196
2.709000 0.318283
2.719000 0.302799
2.729000 0.286789
2.739000 0.270302
2.749000 0.253386
2.759000 0.236088
2.769000 0.218457
2.779000 0.200543
2.789000 0.182392
2.799000 0.164055
2.809000 0.145580
2.819000 0.127013
2.829000 0.108403
2.839000 0.089797
2.849000 0.071241
2.859000 0.052779
2.869000 0.034457
2.879000 0.016318
2.889000 -0.001596
2.899000 -0.019244
2.909000 -0.036585
2.919000 -0.053581
2.929000 -0.070195
2.939000 -0.086392
2.949000 -0.102136
2.959000 -0.117397
2.969000 -0.132142
2.979000 -0.146343
2.989000 -0.159972
2.999000 -0.173005
3.009000 -0.185417
3.019000 -0.197187
3.029000 -0.208295
3.039000 -0.218723
3.049000 -0.228455
3.059000 -0.237477
3.069000 -0.245777
3.079000 -0.253346
3.089000 -0.260174
3.099000 -0.266257
3.109000 -0.271589
3.119000 -0.276169
3.129000 -0.279996
3.139000 -0.283071
3.149000 -0.285399
3.159000 -0.286984
3.169000 -0.287833
3.179000 -0.287955
3.189000 -0.287361
3.199000 -0.286061
3.209000 -0.284070
3.219000 -0.281403
3.229000 -0.278077
3.239000 -0.274109
3.249000 -0.269518
3.259000 -0.264325
3.269000 -0.258552
3.279000 -0.252222
3.289000 -0.245358
3.299000 -0.237986
3.309000 -0.230131
3.319000 -0.221819
3.329000 -0.213079
3.339000 -0.203937
3.349000 -0.194423
3.359000 -0.184566
3.369000 -0.174395
3.379000 -0.163939
3.389000 -0.153230
3.399000 -0.142298
3.409000 -0.131172
3.419000 -0.119884
3.429000 -0.108463
3.439000 -0.096941
3.449000 -0.085346
3.459000 -0.073710
3.469000 -0.062061
3.479000 -0.050428
3.489000 -0.038841
3.499000 -0.027327
3.509000 -0.015914
3.519000 -0.004629
3.529000 0.006502
3.539000 0.017455
3.549000 0.028203
3.559000 0.038724
3.569000 0.048994
3.579000 0.058993
3.589000 0.068698
3.599000 0.078091
3.609000 0.087152
3.619000 0.095864
3.629000 0.104210
3.639000 0.112175
3.649000 0.119745
3.659000 0.126907
3.669000 0.133649
3.679000 0.139960
3.689000 0.145831
3.699000 0.151254
3.709000 0.156222
3.719000 0.160729
3.729000 0.164771
3.739000 0.168345
3.749000 0.171448
3.759000 0.174081
3.769000 0.176242
3.779000 0.177934
3.789000 0.179160
3.799000 0.179923
3.809000 0.180227
3.819000 0.180080
3.829000 0.179488
3.839000 0.178459
3.849000 0.177002
3.859000 0.175127
3.869000 0.172844
3.879000 0.170166
3.889000 0.167104
3.899000 0.163673
3.909000 0.159885
3.919000 0.155756
3.929000 0.151300
3.939000 0.146534
3.949000 0.141475
3.959000 0.136138
3.969000 0.130541
3.979000 0.124702
3.989000 0.118639
3.999000 0.112370
4.009000 0.105914
4.019000 0.099290
4.029000 0.092516
4.039000 0.085612
4.049000 0.078596
4.059000 0.071488
4.069000 0.064307
4.079000 0.057071
4.089000 0.049800
4.099000 0.042511
4.109000 0.035224
4.119000 0.027956
4.129000 0.020725
4.139000 0.013548
4.149000 0.006444
4.159000 -0.000573
4.169000 -0.007486
4.179000 -0.014279
4.189000 -0.020936
4.199000 -0.027445
4.209000 -0.033789
4.219000 -0.039957
4.229000 -0.045935
4.239000 -0.051712
4.249000 -0.057275
4.259000 -0.062615
4.269000 -0.067721
4.279000 -0.072584
4.289000 -0.077196
4.299000 -0.081549
4.309000 -0.085635
4.319000 -0.089448
4.329000 -0.092984
4.339000 -0.096237
4.349000 -0.099203
4.359000 -0.101880
4.369000 -0.104264
4.379000 -0.106355
4.389000 -0.108151
4.399000 -0.109652
4.409000 -0.110859
4.419000 -0.111773
4.429000 -0.112395
4.439000 -0.112730
4.449000 -0.112780
4.459000 -0.112549
4.469000 -0.112042
4.479000 -0.111265
4.489000 -0.110222
4.499000 -0.108921
4.509000 -0.107369
4.519000 -0.105573
4.529000 -0.103541
4.539000 -0.101281
4.549000 -0.098804
4.559000 -0.096117
4.569000 -0.093231
4.579000 -0.090156
4.589000 -0.086902
4.599000 -0.083480
4.609000 -0.079900
4.619000 -0.076175
4.629000 -0.072315
4.639000 -0.068333
4.649000 -0.064239
4.659000 -0.060045
4.669000 -0.055764
4.679000 -0.051407
4.689000 -0.046986
4.699000 -0.042514
4.709000 -0.038001
4.719000 -0.033460
4.729000 -0.028903
4.739000 -0.024340
4.749000 -0.019784
4.759000 -0.015246
4.769000 -0.010736
4.779000 -0.006266
4.789000 -0.001846
4.799000 0.002514
4.809000 0.006805
4.819000 0.011015
4.829000 0.015136
4.839000 0.019159
4.849000 0.023076
4.859000 0.026878
4.869000 0.030558
4.879000 0.034108
4.889000 0.037521
4.899000 0.040791
4.909000 0.043911
4.919000 0.046877
4.929000 0.049684
4.939000 0.052325
4.949000 0.054798
4.959000 0.057099
4.969000 0.059224
4.979000 0.061171
4.989000 0.062938
4.999000 0.064522
5.009000 0.065924
5.019000 0.067140
5.029000 0.068173
5.039000 0.069021
5.049000 0.069685
5.059000 0.070166
5.069000 0.070466
5.079000 0.070587
5.089000 0.070531
5.099000 0.070300
5.109000 0.069898
5.119000 0.069329
5.129000 0.068596
5.139000 0.067703
5.149000 0.066655
5.159000 0.065457
5.169000 0.064114
5.179000 0.062631
5.189000 0.061015
5.199000 0.059271
5.209000 0.057405
5.219000 0.055425
5.229000 0.053335
5.239000 0.051144
5.249000 0.048858
5.259000 0.046484
5.269000 0.044029
5.279000 0.041501
5.289000 0.038907
5.299000 0.036254
5.309000 0.033551
5.319000 0.030803
5.329000 0.028020
5.339000 0.025207
5.349000 0.022373
5.359000 0.019526
5.369000 0.016671
5.379000 0.013817
5.389000 0.010970
5.399000 0.008138
5.409000 0.005327
5.419000 0.002544
5.429000 -0.000204
5.439000 -0.002912
5.449000 -0.005573
5.459000 -0.008181
5.469000 -0.010730
5.479000 -0.013215
5.489000 -0.015632
5.499000 -0.017974
5.509000 -0.020237
5.519000 -0.022416
5.529000 -0.024508
5.539000 -0.026509
5.549000 -0.028414
5.559000 -0.030221
5.569000 -0.031927
5.579000 -0.033528
5.589000 -0.035022
5.599000 -0.036408
5.609000 -0.037683
5.619000 -0.038845
5.629000 -0.039895
5.639000 -0.040829
5.649000 -0.041649
5.659000 -0.042353
5.669000 -0.042942
5.679000 -0.043415
5.689000 -0.043774
5.699000 -0.044019
5.709000 -0.044151
5.719000 -0.044171
5.729000 -0.044082
5.739000 -0.043884
5.749000 -0.043580
5.759000 -0.043173
5.769000 -0.042664
5.779000 -0.042057
5.789000 -0.041354
5.799000 -0.040559
5.809000 -0.039674
5.819000 -0.038705
5.829000 -0.037653
5.839000 -0.036523
5.849000 -0.035319
5.859000 -0.034045
5.869000 -0.032705
5.879000 -0.031304
5.889000 -0.029846
5.899000 -0.028334
5.909000 -0.026775
5.919000 -0.025172
5.929000 -0.023529
5.939000 -0.021853
5.949000 -0.020147
5.959000 -0.018415
5.969000 -0.016664
5.979000 -0.014897
5.989000 -0.013118
5.999000 -0.011333
6.009000 -0.009546
6.019000 -0.007762
6.029000 -0.005984
6.039000 -0.004218
6.049000 -0.002467
6.059000 -0.000736
6.069000 0.000972
6.079000 0.002653
6.089000 0.004302
6.099000 0.005916
6.109000 0.007492
6.119000 0.009027
6.129000 0.010516
6.139000 0.011958
6.149000 0.013348
6.159000 0.014685
6.169000 0.015967
6.179000 0.017189
6.189000 0.018351
6.199000 0.019451
6.209000 0.020486
6.219000 0.021455
6.229000 0.022357
6.239000 0.023190
6.249000 0.023953
6.259000 0.024645
6.269000 0.025266
6.279000 0.025816
6.289000 0.026293
6.299000 0.026697
6.309000 0.027030
6.319000 0.027291
6.329000 0.027480
6.339000 0.027598
6.349000 0.027646
6.359000 0.027624
6.369000 0.027534
6.379000 0.027377
6.389000 0.027155
6.399000 0.026868
6.409000 0.026519
6.419000 0.026109
6.429000 0.025640
6.439000 0.025115
6.449000 0.024535
6.459000 0.023902
6.469000 0.023219
6.479000 0.022489
6.489000 0.021713
6.499000 0.020895
6.509000 0.020037
6.519000 0.019142
6.529000 0.018213
6.539000 0.017251
6.549000 0.016262
6.559000 0.015246
6.569000 0.014207
6.579000 0.013148
6.589000 0.012072
6.599000 0.010982
6.609000 0.009881
6.619000 0.008771
6.629000 0.007656
6.639000 0.006538
6.649000 0.005420
6.659000 0.004305
6.669000 0.003196
6.679000 0.002095
6.689000 0.001005
6.699000 -0.000072
6.709000 -0.001133
6.719000 -0.002175
6.729000 -0.003196
6.739000 -0.004195
6.749000 -0.005169
6.759000 -0.006115
6.769000 -0.007033
6.779000 -0.007919
6.789000 -0.008773
6.799000 -0.009593
6.809000 -0.010377
6.819000 -0.011123
6.829000 -0.011831
6.839000 -0.012499
6.849000 -0.013127
6.859000 -0.013712
6.869000 -0.014255
6.879000 -0.014755
6.889000 -0.015211
6.899000 -0.015622
6.909000 -0.015988
6.919000 -0.016310
6.929000 -0.016586
6.939000 -0.016817
6.949000 -0.017003
6.959000 -0.017144
6.969000 -0.017240
6.979000 -0.017292
6.989000 -0.017300
6.999000 -0.017265
7.009000 -0.017188
7.019000 -0.017069
7.029000 -0.016910
7.039000 -0.016711
7.049000 -0.016474
7.059000 -0.016199
7.069000 -0.015887
7.079000 -0.015541
7.089000 -0.015162
7.099000 -0.014750
7.109000 -0.014308
7.119000 -0.013837
7.129000 -0.013338
7.139000 -0.012813
7.149000 -0.012265
7.159000 -0.011694
7.169000 -0.011102
7.179000 -0.010491
7.189000 -0.009863
7.199000 -0.009220
7.209000 -0.008564
7.219000 -0.007896
7.229000 -0.007218
7.239000 -0.006532
7.249000 -0.005839
7.259000 -0.005143
7.269000 -0.004444
7.279000 -0.003744
7.289000 -0.003045
7.299000 -0.002349
7.309000 -0.001657
7.319000 -0.000971
7.329000 -0.000293
7.339000 0.000376
7.349000 0.001034
7.359000 0.001680
7.369000 0.002312
7.379000 0.002930
7.389000 0.003531
7.399000 0.004114
7.409000 0.004679
7.419000 0.005224
7.429000 0.005748
7.439000 0.006250
7.449000 0.006729
7.459000 0.007184
7.469000 0.007615
7.479000 0.008021
7.489000 0.008400
7.499000 0.008754
7.509000 0.009080
7.519000 0.009379
7.529000 0.009651
7.539000 0.009894
7.549000 0.010109
7.559000 0.010296
7.569000 0.010455
7.579000 0.010586
7.589000 0.010688
7.599000 0.010762
7.609000 0.010809
7.619000 0.010828
7.629000 0.010819
7.639000 0.010784
7.649000 0.010723
7.659000 0.010636
7.669000 0.010524
7.679000 0.010387
7.689000 0.010227
7.699000 0.010044
7.709000 0.009838
7.719000 0.009611
7.729000 0.009363
7.739000 0.009096
7.749000 0.008810
7.759000 0.008506
7.769000 0.008186
7.779000 0.007850
7.789000 0.007500
7.799000 0.007136
7.809000 0.006759
7.819000 0.006372
7.829000 0.005974
7.839000 0.005567
7.849000 0.005153
7.859000 0.004731
7.869000 0.004304
7.879000 0.003873
7.889000 0.003438
7.899000 0.003002
7.909000 0.002564
7.919000 0.002126
7.929000 0.001689
7.939000 0.001255
7.949000 0.000824
7.959000 0.000397
7.969000 -0.000025
7.979000 -0.000441
7.989000 -0.000849
7.999000 -0.001249
8.009000 -0.001640
8.019000 -0.002022
8.029000 -0.002392
8.039000 -0.002752
8.049000 -0.003099
8.059000 -0.003434
8.069000 -0.003755
8.079000 -0.004062
8.089000 -0.004354
8.099000 -0.004632
8.109000 -0.004894
8.119000 -0.005139
8.129000 -0.005369
8.139000 -0.005582
8.149000 -0.005778
8.159000 -0.005956
8.169000 -0.006117
8.179000 -0.006261
8.189000 -0.006387
8.199000 -0.006495
8.209000 -0.006586
8.219000 -0.006659
8.229000 -0.006714
8.239000 -0.006752
8.249000 -0.006772
8.259000 -0.006776
8.269000 -0.006762
8.279000 -0.006732
8.289000 -0.006686
8.299000 -0.006623
8.309000 -0.006546
8.319000 -0.006453
8.329000 -0.006345
8.339000 -0.006223
8.349000 -0.006088
8.359000 -0.005939
8.369000 -0.005778
8.379000 -0.005605
8.389000 -0.005421
8.399000 -0.005225
8.409000 -0.005020
8.419000 -0.004805
8.429000 -0.004582
8.439000 -0.004350
8.449000 -0.004111
8.459000 -0.003865
8.469000 -0.003613
8.479000 -0.003356
8.489000 -0.003094
8.499000 -0.002829
8.509000 -0.002560
8.519000 -0.002289
8.529000 -0.002016
8.539000 -0.001743
8.549000 -0.001468
8.559000 -0.001195
8.569000 -0.000922
8.579000 -0.000651
8.589000 -0.000382
8.599000 -0.000117
8.609000 0.000145
8.619000 0.000403
8.629000 0.000656
8.639000 0.000904
8.649000 0.001146
8.659000 0.001381
8.669000 0.001610
8.679000 0.001831
8.689000 0.002044
8.699000 0.002250
8.709000 0.002446
8.719000 0.002634
8.729000 0.002812
8.739000 0.002981
8.749000 0.003140
8.759000 0.003289
8.769000 0.003427
8.779000 0.003555
8.789000 0.003673
8.799000 0.003779
8.809000 0.003874
8.819000 0.003959
8.829000 0.004032
8.839000 0.004094
8.849000 0.004146
8.859000 0.004186
8.869000 0.004215
8.879000 0.004233
8.889000 0.004241
8.899000 0.004238
8.909000 0.004224
8.919000 0.004200
8.929000 0.004166
8.939000 0.004122
8.949000 0.004069
8.959000 0.004006
8.969000 0.003934
8.979000 0.003854
8.989000 0.003765
8.999000 0.003668
9.009000 0.003563
9.019000 0.003451
9.029000 0.003333
9.039000 0.003207
9.049000 0.003076
9.059000 0.002938
9.069000 0.002796
9.079000 0.002649
9.089000 0.002497
9.099000 0.002341
9.109000 0.002182
9.119000 0.002019
9.129000 0.001854
9.139000 0.001687
9.149000 0.001518
9.159000 0.001348
9.169000 0.001177
9.179000 0.001005
9.189000 0.000834
9.199000 0.000663
9.209000 0.000493
9.219000 0.000324
9.229000 0.000157
9.239000 -0.000009
9.249000 -0.000171
9.259000 -0.000331
9.269000 -0.000488
9.279000 -0.000641
9.289000 -0.000791
9.299000 -0.000936
9.309000 -0.001077
9.319000 -0.001213
9.329000 -0.001344
9.339000 -0.001470
9.349000 -0.001590
9.359000 -0.001705
9.369000 -0.001813
9.379000 -0.001916
9.389000 -0.002012
9.399000 -0.002102
9.409000 -0.002186
9.419000 -0.002262
9.429000 -0.002332
9.439000 -0.002395
9.449000 -0.002452
9.459000 -0.002501
9.469000 -0.002544
9.479000 -0.002579
9.489000 -0.002608
9.499000 -0.002629
9.509000 -0.002644
9.519000 -0.002652
9.529000 -0.002654
9.539000 -0.002649
9.549000 -0.002637
9.559000 -0.002619
9.569000 -0.002594
9.579000 -0.002564
9.589000 -0.002528
9.599000 -0.002485
9.609000 -0.002438
9.619000 -0.002385
9.629000 -0.002327
9.639000 -0.002264
9.649000 -0.002196
9.659000 -0.002124
9.669000 -0.002047
9.679000 -0.001967
9.689000 -0.001883
9.699000 -0.001795
9.709000 -0.001704
9.719000 -0.001611
9.729000 -0.001514
9.739000 -0.001416
9.749000 -0.001315
9.759000 -0.001213
9.769000 -0.001109
9.779000 -0.001003
9.789000 -0.000897
9.799000 -0.000791
9.809000 -0.000683
9.819000 -0.000576
9.829000 -0.000469
9.839000 -0.000362
9.849000 -0.000256
9.859000 -0.000151
9.869000 -0.000047
9.879000 0.000056
9.889000 0.000157
9.899000 0.000256
9.909000 0.000353
9.919000 0.000448
9.929000 0.000540
9.939000 0.000630
9.949000 0.000716
9.959000 0.000800
9.969000 0.000881
9.979000 0.000958
9.989000 0.001031
9.999000 0.001101
