0.009000 3.891719
0.019000 4.859464
0.029000 5.800964
0.039000 6.714264
0.049000 7.597511
0.059000 8.448952
0.069000 9.266939
0.079000 10.049930
0.089000 10.796496
0.099000 11.505315
0.109000 12.175181
0.119000 12.805002
0.129000 13.393799
0.139000 13.940713
0.149000 14.444999
0.159000 14.906030
0.169000 15.323295
0.179000 15.696398
0.189000 16.025061
0.199000 16.309119
0.209000 16.548519
0.219000 16.743323
0.229000 16.893699
0.239000 16.999926
0.249000 17.062386
0.259000 17.081565
0.269000 17.058051
0.279000 16.992527
0.289000 16.885771
0.299000 16.738652
0.309000 16.552128
0.319000 16.327239
0.329000 16.065105
0.339000 15.766923
0.349000 15.433962
0.359000 15.067557
0.369000 14.669109
0.379000 14.240076
0.389000 13.781972
0.399000 13.296361
0.409000 12.784851
0.419000 12.249091
0.429000 11.690767
0.439000 11.111597
0.449000 10.513323
0.459000 9.897712
0.469000 9.266544
0.479000 8.621617
0.489000 7.964732
0.499000 7.297697
0.509000 6.622315
0.519000 5.940386
0.529000 5.253699
0.539000 4.564029
0.549000 3.873133
0.559000 3.182743
0.569000 2.494566
0.579000 1.810279
0.589000 1.131523
0.599000 0.459904
0.609000 -0.203017
0.619000 -0.855720
0.629000 -1.496735
0.639000 -2.124641
0.649000 -2.738071
0.659000 -3.335714
0.669000 -3.916318
0.679000 -4.478691
0.689000 -5.021703
0.699000 -5.544290
0.709000 -6.045453
0.719000 -6.524263
0.729000 -6.979857
0.739000 -7.411445
0.749000 -7.818307
0.759000 -8.199795
0.769000 -8.555333
0.779000 -8.884419
0.789000 -9.186624
0.799000 -9.461591
0.809000 -9.709036
0.819000 -9.928748
0.829000 -10.120588
0.839000 -10.284488
0.849000 -10.420451
0.859000 -10.528548
0.869000 -10.608919
0.879000 -10.661771
0.889000 -10.687376
0.899000 -10.686069
0.909000 -10.658248
0.919000 -10.604371
0.929000 -10.524954
0.939000 -10.420567
0.949000 -10.291835
0.959000 -10.139436
0.969000 -9.964094
0.979000 -9.766580
0.989000 -9.547711
0.999000 -9.308342
1.009000 -9.049368
1.019000 -8.771720
1.029000 -8.476360
1.039000 -8.164281
1.049000 -7.836504
1.059000 -7.494071
1.069000 -7.138049
1.079000 -6.769519
1.089000 -6.389581
1.099000 -5.999345
1.109000 -5.599931
1.119000 -5.192465
1.129000 -4.778077
1.139000 -4.357896
1.149000 -3.933052
1.159000 -3.504667
1.169000 -3.073858
1.179000 -2.641728
1.189000 -2.209371
1.199000 -1.777863
1.209000 -1.348263
1.219000 -0.921611
1.229000 -0.498922
1.239000 -0.081187
1.249000 0.330628
1.259000 0.735589
1.269000 1.132789
1.279000 1.521357
1.289000 1.900453
1.299000 2.269277
1.309000 2.627061
1.319000 2.973080
1.329000 3.306647
1.339000 3.627117
1.349000 3.933884
1.359000 4.226389
1.369000 4.504115
1.379000 4.766587
1.389000 5.013378
1.399000 5.244105
1.409000 5.458430
1.419000 5.656062
1.429000 5.836755
1.439000 6.000307
1.449000 6.146565
1.459000 6.275417
1.469000 6.386800
1.479000 6.480693
1.489000 6.557119
1.499000 6.616144
1.509000 6.657877
1.519000 6.682466
1.529000 6.690104
1.539000 6.681018
1.549000 6.655476
1.559000 6.613784
1.569000 6.556280
1.579000 6.483340
1.589000 6.395371
1.599000 6.292812
1.609000 6.176130
1.619000 6.045824
1.629000 5.902415
1.639000 5.746451
1.649000 5.578505
1.659000 5.399169
1.669000 5.209054
1.679000 5.008791
1.689000 4.799026
1.699000 4.580418
1.709000 4.353641
1.719000 4.119377
1.729000 3.878317
1.739000 3.631159
1.749000 3.378607
1.759000 3.121366
1.769000 2.860145
1.779000 2.595649
1.789000 2.328584
1.799000 2.059650
1.809000 1.789543
1.819000 1.518950
1.829000 1.248551
1.839000 0.979014
1.849000 0.710995
1.859000 0.445138
1.869000 0.182071
1.879000 -0.077594
1.889000 -0.333261
1.899000 -0.584354
1.909000 -0.830318
1.919000 -1.070615
1.929000 -1.304734
1.939000 -1.532182
1.949000 -1.752494
1.959000 -1.965226
1.969000 -2.169961
1.979000 -2.366309
1.989000 -2.553904
1.999000 -2.732409
2.009000 -2.901514
2.019000 -3.060937
2.029000 -3.210424
2.039000 -3.349749
2.049000 -3.478715
2.059000 -3.597154
2.069000 -3.704927
2.079000 -3.801921
2.089000 -3.888053
2.099000 -3.963270
2.109000 -4.027544
2.119000 -4.080876
2.129000 -4.123294
2.139000 -4.154852
2.149000 -4.175632
2.159000 -4.185739
2.169000 -4.185305
2.179000 -4.174486
2.189000 -4.153460
2.199000 -4.122429
2.209000 -4.081617
2.219000 -4.031269
2.229000 -3.971649
2.239000 -3.903041
2.249000 -3.825747
2.259000 -3.740087
2.269000 -3.646395
2.279000 -3.545022
2.289000 -3.436332
2.299000 -3.320703
2.309000 -3.198523
2.319000 -3.070191
2.329000 -2.936117
2.339000 -2.796716
2.349000 -2.652415
2.359000 -2.503641
2.369000 -2.350831
2.379000 -2.194424
2.389000 -2.034859
2.399000 -1.872580
2.409000 -1.708029
2.419000 -1.541648
2.429000 -1.373877
2.439000 -1.205153
2.449000 -1.035910
2.459000 -0.866573
2.469000 -0.697567
2.479000 -0.529304
2.489000 -0.362193
2.499000 -0.196632
2.509000 -0.033007
2.519000 0.128301
2.529000 0.286928
2.539000 0.442517
2.549000 0.594729
2.559000 0.743233
2.569000 0.887716
2.579000 1.027878
2.589000 1.163433
2.599000 1.294114
2.609000 1.419667
2.619000 1.539855
2.629000 1.654459
2.639000 1.763275
2.649000 1.866119
2.659000 1.962823
2.669000 2.053236
2.679000 2.137226
2.689000 2.214679
2.699000 2.285498
2.709000 2.349604
2.719000 2.406938
2.729000 2.457454
2.739000 2.501129
2.749000 2.537954
2.759000 2.567937
2.769000 2.591105
2.779000 2.607500
2.789000 2.617181
2.799000 2.620221
2.809000 2.616711
2.819000 2.606755
2.829000 2.590473
2.839000 2.567997
2.849000 2.539474
2.859000 2.505063
2.869000 2.464937
2.879000 2.419279
2.889000 2.368282
2.899000 2.312153
2.909000 2.251105
2.919000 2.185361
2.929000 2.115156
2.939000 2.040727
2.949000 1.962321
2.959000 1.880192
2.969000 1.794598
2.979000 1.705802
2.989000 1.614072
2.999000 1.519678
3.009000 1.422894
3.019000 1.323995
3.029000 1.223258
3.039000 1.120960
3.049000 1.017377
3.059000 0.912786
3.069000 0.807461
3.079000 0.701674
3.089000 0.595695
3.099000 0.489790
3.109000 0.384221
3.119000 0.279244
3.129000 0.175112
3.139000 0.072072
3.149000 -0.029638
3.159000 -0.129784
3.169000 -0.228141
3.179000 -0.324490
3.189000 -0.418621
3.199000 -0.510334
3.209000 -0.599435
3.219000 -0.685743
3.229000 -0.769083
3.239000 -0.849293
3.249000 -0.926219
3.259000 -0.999718
3.269000 -1.069657
3.279000 -1.135916
3.289000 -1.198384
3.299000 -1.256960
3.309000 -1.311558
3.319000 -1.362099
3.329000 -1.408517
3.339000 -1.450758
3.349000 -1.488778
3.359000 -1.522544
3.369000 -1.552035
3.379000 -1.577240
3.389000 -1.598160
3.399000 -1.614805
3.409000 -1.627196
3.419000 -1.635366
3.429000 -1.639356
3.439000 -1.639216
3.449000 -1.635009
3.459000 -1.626803
3.469000 -1.614679
3.479000 -1.598723
3.489000 -1.579031
3.499000 -1.555707
3.509000 -1.528862
3.519000 -1.498614
3.529000 -1.465089
3.539000 -1.428417
3.549000 -1.388735
3.559000 -1.346187
3.569000 -1.300920
3.579000 -1.253086
3.589000 -1.202842
3.599000 -1.150347
3.609000 -1.095765
3.619000 -1.039262
3.629000 -0.981006
3.639000 -0.921168
3.649000 -0.859920
3.659000 -0.797434
3.669000 -0.733884
3.679000 -0.669442
3.689000 -0.604283
3.699000 -0.538578
3.709000 -0.472499
3.719000 -0.406214
3.729000 -0.339892
3.739000 -0.273698
3.749000 -0.207794
3.759000 -0.142340
3.769000 -0.077492
3.779000 -0.013401
3.789000 0.049783
3.799000 0.111919
3.809000 0.172866
3.819000 0.232490
3.829000 0.290664
3.839000 0.347264
3.849000 0.402172
3.859000 0.455277
3.869000 0.506474
3.879000 0.555663
3.889000 0.602751
3.899000 0.647653
3.909000 0.690289
3.919000 0.730586
3.929000 0.768478
3.939000 0.803908
3.949000 0.836822
3.959000 0.867176
3.969000 0.894932
3.979000 0.920059
3.989000 0.942534
3.999000 0.962339
4.009000 0.979465
4.019000 0.993907
4.029000 1.005671
4.039000 1.014764
4.049000 1.021205
4.059000 1.025016
4.069000 1.026226
4.079000 1.024870
4.089000 1.020990
4.099000 1.014631
4.109000 1.005846
4.119000 0.994692
4.129000 0.981232
4.139000 0.965533
4.149000 0.947666
4.159000 0.927708
4.169000 0.905739
4.179000 0.881843
4.189000 0.856108
4.199000 0.828624
4.209000 0.799486
4.219000 0.768789
4.229000 0.736633
4.239000 0.703119
4.249000 0.668351
4.259000 0.632432
4.269000 0.595470
4.279000 0.557570
4.289000 0.518842
4.299000 0.479392
4.309000 0.439331
4.319000 0.398765
4.329000 0.357804
4.339000 0.316555
4.349000 0.275124
4.359000 0.233617
4.369000 0.192138
4.379000 0.150789
4.389000 0.109673
4.399000 0.068886
4.409000 0.028526
4.419000 -0.011314
4.429000 -0.050541
4.439000 -0.089069
4.449000 -0.126810
4.459000 -0.163684
4.469000 -0.199611
4.479000 -0.234517
4.489000 -0.268328
4.499000 -0.300978
4.509000 -0.332402
4.519000 -0.362540
4.529000 -0.391336
4.539000 -0.418739
4.549000 -0.444701
4.559000 -0.469178
4.569000 -0.492131
4.579000 -0.513526
4.589000 -0.533333
4.599000 -0.551525
4.609000 -0.568081
4.619000 -0.582984
4.629000 -0.596221
4.639000 -0.607784
4.649000 -0.617668
4.659000 -0.625874
4.669000 -0.632406
4.679000 -0.637271
4.689000 -0.640483
4.699000 -0.642058
4.709000 -0.642015
4.719000 -0.640379
4.729000 -0.637177
4.739000 -0.632440
4.749000 -0.626201
4.759000 -0.618500
4.769000 -0.609375
4.779000 -0.598871
4.789000 -0.587034
4.799000 -0.573913
4.809000 -0.559559
4.819000 -0.544027
4.829000 -0.527370
4.839000 -0.509649
4.849000 -0.490922
4.859000 -0.471250
4.869000 -0.450696
4.879000 -0.429325
4.889000 -0.407200
4.899000 -0.384389
4.909000 -0.360958
4.919000 -0.336973
4.929000 -0.312504
4.939000 -0.287617
4.949000 -0.262380
4.959000 -0.236862
4.969000 -0.211130
4.979000 -0.185250
4.989000 -0.159290
4.999000 -0.133314
5.009000 -0.107388
5.019000 -0.081576
5.029000 -0.055939
5.039000 -0.030538
5.049000 -0.005434
5.059000 0.019315
5.069000 0.043654
5.079000 0.067528
5.089000 0.090884
5.099000 0.113673
5.109000 0.135845
5.119000 0.157356
5.129000 0.178160
5.139000 0.198217
5.149000 0.217488
5.159000 0.235937
5.169000 0.253529
5.179000 0.270235
5.189000 0.286024
5.199000 0.300872
5.209000 0.314756
5.219000 0.327654
5.229000 0.339550
5.239000 0.350428
5.249000 0.360277
5.259000 0.369087
5.269000 0.376852
5.279000 0.383567
5.289000 0.389232
5.299000 0.393846
5.309000 0.397416
5.319000 0.399946
5.329000 0.401446
5.339000 0.401928
5.349000 0.401404
5.359000 0.399892
5.369000 0.397408
5.379000 0.393975
5.389000 0.389613
5.399000 0.384348
5.409000 0.378206
5.419000 0.371214
5.429000 0.363404
5.439000 0.354805
5.449000 0.345452
5.459000 0.335378
5.469000 0.324618
5.479000 0.313211
5.489000 0.301192
5.499000 0.288603
5.509000 0.275481
5.519000 0.261867
5.529000 0.247802
5.539000 0.233329
5.549000 0.218488
5.559000 0.203322
5.569000 0.187873
5.579000 0.172184
5.589000 0.156298
5.599000 0.140256
5.609000 0.124101
5.619000 0.107875
5.629000 0.091618
5.639000 0.075373
5.649000 0.059178
5.659000 0.043073
5.669000 0.027098
5.679000 0.011289
5.689000 -0.004316
5.699000 -0.019681
5.709000 -0.034773
5.719000 -0.049557
5.729000 -0.064002
5.739000 -0.078076
5.749000 -0.091750
5.759000 -0.104995
5.769000 -0.117786
5.779000 -0.130097
5.789000 -0.141905
5.799000 -0.153187
5.809000 -0.163924
5.819000 -0.174096
5.829000 -0.183687
5.839000 -0.192681
5.849000 -0.201065
5.859000 -0.208828
5.869000 -0.215957
5.879000 -0.222446
5.889000 -0.228288
5.899000 -0.233477
5.909000 -0.238011
5.919000 -0.241887
5.929000 -0.245106
5.939000 -0.247669
5.949000 -0.249579
5.959000 -0.250842
5.969000 -0.251464
5.979000 -0.251452
5.989000 -0.250815
5.999000 -0.249566
6.009000 -0.247715
6.019000 -0.245276
6.029000 -0.242264
6.039000 -0.238694
6.049000 -0.234584
6.059000 -0.229952
6.069000 -0.224817
6.079000 -0.219198
6.089000 -0.213118
6.099000 -0.206598
6.109000 -0.199660
6.119000 -0.192328
6.129000 -0.184627
6.139000 -0.176579
6.149000 -0.168211
6.159000 -0.159548
6.169000 -0.150616
6.179000 -0.141440
6.189000 -0.132048
6.199000 -0.122466
6.209000 -0.112720
6.219000 -0.102837
6.229000 -0.092843
6.239000 -0.082765
6.249000 -0.072630
6.259000 -0.062462
6.269000 -0.052289
6.279000 -0.042135
6.289000 -0.032025
6.299000 -0.021983
6.309000 -0.012034
6.319000 -0.002201
6.329000 0.007493
6.339000 0.017027
6.349000 0.026379
6.359000 0.035528
6.369000 0.044455
6.379000 0.053141
6.389000 0.061568
6.399000 0.069718
6.409000 0.077576
6.419000 0.085126
6.429000 0.092354
6.439000 0.099246
6.449000 0.105792
6.459000 0.111978
6.469000 0.117796
6.479000 0.123237
6.489000 0.128291
6.499000 0.132954
6.509000 0.137217
6.519000 0.141078
6.529000 0.144531
6.539000 0.147575
6.549000 0.150208
6.559000 0.152430
6.569000 0.154240
6.579000 0.155641
6.589000 0.156635
6.599000 0.157226
6.609000 0.157417
6.619000 0.157215
6.629000 0.156626
6.639000 0.155656
6.649000 0.154314
6.659000 0.152608
6.669000 0.150549
6.679000 0.148146
6.689000 0.145410
6.699000 0.142353
6.709000 0.138988
6.719000 0.135327
6.729000 0.131383
6.739000 0.127171
6.749000 0.122705
6.759000 0.118000
6.769000 0.113070
6.779000 0.107933
6.789000 0.102602
6.799000 0.097095
6.809000 0.091427
6.819000 0.085616
6.829000 0.079677
6.839000 0.073627
6.849000 0.067483
6.859000 0.061262
6.869000 0.054979
6.879000 0.048652
6.889000 0.042297
6.899000 0.035930
6.909000 0.029567
6.919000 0.023224
6.929000 0.016917
6.939000 0.010659
6.949000 0.004467
6.959000 -0.001645
6.969000 -0.007664
6.979000 -0.013575
6.989000 -0.019367
6.999000 -0.025025
7.009000 -0.030538
7.019000 -0.035895
7.029000 -0.041084
7.039000 -0.046095
7.049000 -0.050918
7.059000 -0.055544
7.069000 -0.059965
7.079000 -0.064171
7.089000 -0.068157
7.099000 -0.071915
7.109000 -0.075439
7.119000 -0.078725
7.129000 -0.081767
7.139000 -0.084561
7.149000 -0.087104
7.159000 -0.089394
7.169000 -0.091429
7.179000 -0.093206
7.189000 -0.094726
7.199000 -0.095989
7.209000 -0.096994
7.219000 -0.097745
7.229000 -0.098241
7.239000 -0.098486
7.249000 -0.098483
7.259000 -0.098236
7.269000 -0.097748
7.279000 -0.097025
7.289000 -0.096072
7.299000 -0.094894
7.309000 -0.093497
7.319000 -0.091889
7.329000 -0.090076
7.339000 -0.088066
7.349000 -0.085867
7.359000 -0.083487
7.369000 -0.080935
7.379000 -0.078219
7.389000 -0.075349
7.399000 -0.072333
7.409000 -0.069182
7.419000 -0.065906
7.429000 -0.062514
7.439000 -0.059016
7.449000 -0.055423
7.459000 -0.051745
7.469000 -0.047993
7.479000 -0.044176
7.489000 -0.040306
7.499000 -0.036392
7.509000 -0.032445
7.519000 -0.028476
7.529000 -0.024493
7.539000 -0.020509
7.549000 -0.016532
7.559000 -0.012572
7.569000 -0.008639
7.579000 -0.004742
7.589000 -0.000891
7.599000 0.002907
7.609000 0.006641
7.619000 0.010304
7.629000 0.013888
7.639000 0.017385
7.649000 0.020788
7.659000 0.024089
7.669000 0.027282
7.679000 0.030360
7.689000 0.033318
7.699000 0.036150
7.709000 0.038851
7.719000 0.041415
7.729000 0.043840
7.739000 0.046119
7.749000 0.048251
7.759000 0.050232
7.769000 0.052059
7.779000 0.053730
7.789000 0.055243
7.799000 0.056597
7.809000 0.057790
7.819000 0.058823
7.829000 0.059694
7.839000 0.060404
7.849000 0.060954
7.859000 0.061345
7.869000 0.061577
7.879000 0.061654
7.889000 0.061575
7.899000 0.061346
7.909000 0.060967
7.919000 0.060442
7.929000 0.059775
7.939000 0.058970
7.949000 0.058030
7.959000 0.056959
7.969000 0.055763
7.979000 0.054446
7.989000 0.053013
7.999000 0.051469
8.009000 0.049820
8.019000 0.048072
8.029000 0.046229
8.039000 0.044299
8.049000 0.042288
8.059000 0.040201
8.069000 0.038044
8.079000 0.035825
8.089000 0.033549
8.099000 0.031223
8.109000 0.028854
8.119000 0.026448
8.129000 0.024012
8.139000 0.021551
8.149000 0.019073
8.159000 0.016585
8.169000 0.014091
8.179000 0.011599
8.189000 0.009114
8.199000 0.006644
8.209000 0.004193
8.219000 0.001768
8.229000 -0.000627
8.239000 -0.002984
8.249000 -0.005300
8.259000 -0.007568
8.269000 -0.009785
8.279000 -0.011945
8.289000 -0.014043
8.299000 -0.016076
8.309000 -0.018039
8.319000 -0.019929
8.329000 -0.021741
8.339000 -0.023473
8.349000 -0.025121
8.359000 -0.026683
8.369000 -0.028155
8.379000 -0.029536
8.389000 -0.030824
8.399000 -0.032016
8.409000 -0.033111
8.419000 -0.034108
8.429000 -0.035006
8.439000 -0.035803
8.449000 -0.036500
8.459000 -0.037096
8.469000 -0.037591
8.479000 -0.037986
8.489000 -0.038280
8.499000 -0.038476
8.509000 -0.038572
8.519000 -0.038572
8.529000 -0.038476
8.539000 -0.038286
8.549000 -0.038003
8.559000 -0.037630
8.569000 -0.037169
8.579000 -0.036623
8.589000 -0.035994
8.599000 -0.035284
8.609000 -0.034498
8.619000 -0.033637
8.629000 -0.032706
8.639000 -0.031706
8.649000 -0.030643
8.659000 -0.029519
8.669000 -0.028339
8.679000 -0.027105
8.689000 -0.025822
8.699000 -0.024494
8.709000 -0.023124
8.719000 -0.021717
8.729000 -0.020277
8.739000 -0.018808
8.749000 -0.017313
8.759000 -0.015797
8.769000 -0.014265
8.779000 -0.012719
8.789000 -0.011164
8.799000 -0.009605
8.809000 -0.008044
8.819000 -0.006486
8.829000 -0.004935
8.839000 -0.003395
8.849000 -0.001869
8.859000 -0.000360
8.869000 0.001127
8.879000 0.002590
8.889000 0.004025
8.899000 0.005429
8.909000 0.006799
8.919000 0.008132
8.929000 0.009425
8.939000 0.010676
8.949000 0.011882
8.959000 0.013041
8.969000 0.014150
8.979000 0.015208
8.989000 0.016213
8.999000 0.017163
9.009000 0.018056
9.019000 0.018892
9.029000 0.019668
9.039000 0.020384
9.049000 0.021039
9.059000 0.021632
9.069000 0.022163
9.079000 0.022631
9.089000 0.023036
9.099000 0.023377
9.109000 0.023656
9.119000 0.023872
9.129000 0.024025
9.139000 0.024117
9.149000 0.024147
9.159000 0.024117
9.169000 0.024027
9.179000 0.023879
9.189000 0.023674
9.199000 0.023414
9.209000 0.023098
9.219000 0.022731
9.229000 0.022312
9.239000 0.021844
9.249000 0.021328
9.259000 0.020767
9.269000 0.020163
9.279000 0.019517
9.289000 0.018833
9.299000 0.018112
9.309000 0.017356
9.319000 0.016568
9.329000 0.015751
9.339000 0.014907
9.349000 0.014038
9.359000 0.013146
9.369000 0.012236
9.379000 0.011308
9.389000 0.010366
9.399000 0.009411
9.409000 0.008448
9.419000 0.007477
9.429000 0.006503
9.439000 0.005526
9.449000 0.004550
9.459000 0.003577
9.469000 0.002609
9.479000 0.001649
9.489000 0.000699
9.499000 -0.000238
9.509000 -0.001162
9.519000 -0.002069
9.529000 -0.002958
9.539000 -0.003826
9.549000 -0.004672
9.559000 -0.005494
9.569000 -0.006290
9.579000 -0.007059
9.589000 -0.007800
9.599000 -0.008510
9.609000 -0.009188
9.619000 -0.009834
9.629000 -0.010446
9.639000 -0.011023
9.649000 -0.011564
9.659000 -0.012069
9.669000 -0.012536
9.679000 -0.012965
9.689000 -0.013356
9.699000 -0.013708
9.709000 -0.014020
9.719000 -0.014294
9.729000 -0.014527
9.739000 -0.014722
9.749000 -0.014876
9.759000 -0.014992
9.769000 -0.015069
9.779000 -0.015107
9.789000 -0.015107
9.799000 -0.015070
9.809000 -0.014995
9.819000 -0.014885
9.829000 -0.014739
9.839000 -0.014559
9.849000 -0.014345
9.859000 -0.014099
9.869000 -0.013822
9.879000 -0.013514
9.889000 -0.013177
9.899000 -0.012812
9.909000 -0.012421
9.919000 -0.012005
9.929000 -0.011565
9.939000 -0.011103
9.949000 -0.010620
9.959000 -0.010117
9.969000 -0.009597
9.979000 -0.009061
9.989000 -0.008510
9.999000 -0.007946
