0.000000 1.000000 -1.000000
0.100000 0.992509 -0.992509
0.200000 0.970148 -0.970148
0.300000 0.933253 -0.933253
0.400000 0.882375 -0.882375
0.500000 0.818278 -0.818278
0.600000 0.741921 -0.741921
0.700000 0.654449 -0.654449
0.800000 0.557172 -0.557172
0.900000 0.451547 -0.451547
1.000000 0.339157 -0.339157
1.100000 0.221686 -0.221686
1.200000 0.100894 -0.100894
1.300000 -0.021410 0.021410
1.400000 -0.143393 0.143393
1.500000 -0.263228 0.263228
1.600000 -0.379120 0.379120
1.700000 -0.489331 0.489331
1.800000 -0.592211 0.592211
1.900000 -0.686219 0.686219
2.000000 -0.769945 0.769945
2.100000 -0.842137 0.842137
2.200000 -0.901711 0.901711
2.300000 -0.947776 0.947776
2.400000 -0.979642 0.979642
2.500000 -0.996830 0.996830
2.600000 -0.999084 0.999084
2.700000 -0.986370 0.986370
2.800000 -0.958877 0.958877
2.900000 -0.917019 0.917019
3.000000 -0.861423 0.861423
3.100000 -0.792920 0.792920
3.200000 -0.712538 0.712538
3.300000 -0.621480 0.621480
3.400000 -0.521112 0.521112
3.500000 -0.412936 0.412936
3.600000 -0.298573 0.298573
3.700000 -0.179738 0.179738
3.800000 -0.058209 0.058209
3.900000 0.064191 -0.064191
4.000000 0.185630 -0.185630
4.100000 0.304288 -0.304288
4.200000 0.418387 -0.418387
4.300000 0.526218 -0.526218
4.400000 0.626164 -0.626164
4.500000 0.716730 -0.716730
4.600000 0.796558 -0.796558
4.700000 0.864451 -0.864451
4.800000 0.919394 -0.919394
4.900000 0.960562 -0.960562
5.000000 0.987339 -0.987339
5.100000 0.999323 -0.999323
5.200000 0.996336 -0.996336
5.300000 0.978422 -0.978422
5.400000 0.945848 -0.945848
5.500000 0.899105 -0.899105
5.600000 0.838890 -0.838890
5.700000 0.766108 -0.766108
5.800000 0.681847 -0.681847
5.900000 0.587372 -0.587372
6.000000 0.484096 -0.484096
6.100000 0.373567 -0.373567
6.200000 0.257442 -0.257442
6.300000 0.137460 -0.137460
6.400000 0.015418 -0.015418
6.500000 -0.106855 0.106855
6.600000 -0.227527 0.227527
6.700000 -0.344790 0.344790
6.800000 -0.456887 0.456887
6.900000 -0.562140 0.562140
7.000000 -0.658970 0.658970
7.100000 -0.745928 0.745928
7.200000 -0.821710 0.821710
7.300000 -0.885181 0.885181
7.400000 -0.935391 0.935391
7.500000 -0.971586 0.971586
7.600000 -0.993226 0.993226
7.700000 -0.999984 0.999984
7.800000 -0.991761 0.991761
7.900000 -0.968680 0.968680
8.000000 -0.931085 0.931085
8.100000 -0.879541 0.879541
8.200000 -0.814820 0.814820
8.300000 -0.737891 0.737891
8.400000 -0.649907 0.649907
8.500000 -0.552186 0.552186
8.600000 -0.446192 0.446192
8.700000 -0.333514 0.333514
8.800000 -0.215839 0.215839
8.900000 -0.094930 0.094930
9.000000 0.027402 -0.027402
9.100000 0.149322 -0.149322
9.200000 0.269006 -0.269006
9.300000 0.384659 -0.384659
9.400000 0.494550 -0.494550
9.500000 0.597031 -0.597031
9.600000 0.690567 -0.690567
9.700000 0.773757 -0.773757
9.800000 0.845355 -0.845355
9.900000 0.904288 -0.904288
10.000000 0.949673 -0.949673
10.100000 0.980829 -0.980829
10.200000 0.997291 -0.997291
10.300000 0.998812 -0.998812
10.400000 0.985368 -0.985368
10.500000 0.957161 -0.957161
10.600000 0.914615 -0.914615
10.700000 0.858365 -0.858365
10.800000 0.789255 -0.789255
10.900000 0.708321 -0.708321
11.000000 0.616775 -0.616775
11.100000 0.515988 -0.515988
11.200000 0.407471 -0.407471
11.300000 0.292849 -0.292849
11.400000 0.173839 -0.173839
11.500000 0.052225 -0.052225
11.600000 -0.070171 0.070171
11.700000 -0.191516 0.191516
11.800000 -0.309992 0.309992
11.900000 -0.423824 0.423824
12.000000 -0.531306 0.531306
12.100000 -0.630828 0.630828
12.200000 -0.720898 0.720898
12.300000 -0.800169 0.800169
12.400000 -0.867451 0.867451
12.500000 -0.921737 0.921737
12.600000 -0.962213 0.962213
12.700000 -0.988274 0.988274
12.800000 -0.999528 0.999528
12.900000 -0.995808 0.995808
13.000000 -0.977168 0.977168
13.100000 -0.943888 0.943888
13.200000 -0.896467 0.896467
13.300000 -0.835615 0.835615
13.400000 -0.762244 0.762244
13.500000 -0.677453 0.677453
13.600000 -0.582512 0.582512
13.700000 -0.478844 0.478844
13.800000 -0.368002 0.368002
13.900000 -0.251647 0.251647
14.000000 -0.131521 0.131521
14.100000 -0.009425 0.009425
14.200000 0.112812 -0.112812
14.300000 0.233359 -0.233359
14.400000 0.350410 -0.350410
14.500000 0.462211 -0.462211
14.600000 0.567087 -0.567087
14.700000 0.663468 -0.663468
14.800000 0.749908 -0.749908
14.900000 0.825113 -0.825113
15.000000 0.887956 -0.887956
15.100000 0.937495 -0.937495
15.200000 0.972990 -0.972990
15.300000 0.993906 -0.993906
15.400000 0.999932 -0.999932
15.500000 0.990978 -0.990978
15.600000 0.967176 -0.967176
15.700000 0.928884 -0.928884
15.800000 0.876676 -0.876676
15.900000 0.811333 -0.811333
16.000000 0.733834 -0.733834
16.100000 0.645342 -0.645342
16.200000 0.547181 -0.547181
16.300000 0.440822 -0.440822
16.400000 0.327858 -0.327858
16.500000 0.209983 -0.209983
16.600000 0.088962 -0.088962
16.700000 -0.033392 0.033392
16.800000 -0.155246 0.155246
16.900000 -0.274774 0.274774
17.000000 -0.390186 0.390186
17.100000 -0.499751 0.499751
17.200000 -0.601829 0.601829
17.300000 -0.694891 0.694891
17.400000 -0.777542 0.777542
17.500000 -0.848544 0.848544
17.600000 -0.906832 0.906832
17.700000 -0.951535 0.951535
17.800000 -0.981982 0.981982
17.900000 -0.997716 0.997716
18.000000 -0.998503 0.998503
18.100000 -0.984331 0.984331
18.200000 -0.955411 0.955411
18.300000 -0.912177 0.912177
18.400000 -0.855277 0.855277
18.500000 -0.785563 0.785563
18.600000 -0.704079 0.704079
18.700000 -0.612048 0.612048
18.800000 -0.510846 0.510846
18.900000 -0.401991 0.401991
19.000000 -0.287114 0.287114
19.100000 -0.167934 0.167934
19.200000 -0.046239 0.046239
19.300000 0.076149 -0.076149
19.400000 0.197396 -0.197396
19.500000 0.315685 -0.315685
19.600000 0.429246 -0.429246
19.700000 0.536375 -0.536375
19.800000 0.635468 -0.635468
19.900000 0.725041 -0.725041
20.000000 0.803751 -0.803751
20.100000 0.870419 -0.870419
20.200000 0.924046 -0.924046
20.300000 0.963830 -0.963830
20.400000 0.989174 -0.989174
20.500000 0.999697 -0.999697
20.600000 0.995243 -0.995243
20.700000 0.975879 -0.975879
20.800000 0.941894 -0.941894
20.900000 0.893797 -0.893797
21.000000 0.832309 -0.832309
21.100000 0.758352 -0.758352
21.200000 0.673033 -0.673033
21.300000 0.577631 -0.577631
21.400000 0.473575 -0.473575
21.500000 0.362424 -0.362424
21.600000 0.245842 -0.245842
21.700000 0.125578 -0.125578
21.800000 0.003432 -0.003432
21.900000 -0.118765 0.118765
22.000000 -0.239183 0.239183
22.100000 -0.356018 0.356018
22.200000 -0.467519 0.467519
22.300000 -0.572015 0.572015
22.400000 -0.667941 0.667941
22.500000 -0.753861 0.753861
22.600000 -0.828486 0.828486
22.700000 -0.890698 0.890698
22.800000 -0.939566 0.939566
22.900000 -0.974358 0.974358
23.000000 -0.994552 0.994552
23.100000 -0.999845 0.999845
23.200000 -0.990159 0.990159
23.300000 -0.965638 0.965638
23.400000 -0.926650 0.926650
23.500000 -0.873778 0.873778
23.600000 -0.807816 0.807816
23.700000 -0.729751 0.729751
23.800000 -0.640753 0.640753
23.900000 -0.542156 0.542156
24.000000 -0.435435 0.435435
24.100000 -0.322191 0.322191
24.200000 -0.204120 0.204120
24.300000 -0.082991 0.082991
24.400000 0.039382 -0.039382
24.500000 0.161164 -0.161164
24.600000 0.280532 -0.280532
24.700000 0.395698 -0.395698
24.800000 0.504934 -0.504934
24.900000 0.606606 -0.606606
25.000000 0.699190 -0.699190
25.100000 0.781298 -0.781298
25.200000 0.851701 -0.851701
25.300000 0.909344 -0.909344
25.400000 0.953363 -0.953363
25.500000 0.983099 -0.983099
25.600000 0.998106 -0.998106
25.700000 0.998159 -0.998159
25.800000 0.983258 -0.983258
25.900000 0.953626 -0.953626
26.000000 0.909706 -0.909706
26.100000 0.852158 -0.852158
26.200000 0.781842 -0.781842
26.300000 0.699812 -0.699812
26.400000 0.607298 -0.607298
26.500000 0.505686 -0.505686
26.600000 0.396497 -0.396497
26.700000 0.281368 -0.281368
26.800000 0.162024 -0.162024
26.900000 0.040252 -0.040252
27.000000 -0.082123 0.082123
27.100000 -0.203268 0.203268
27.200000 -0.321367 0.321367
27.300000 -0.434652 0.434652
27.400000 -0.541424 0.541424
27.500000 -0.640085 0.640085
27.600000 -0.729157 0.729157
27.700000 -0.807304 0.807304
27.800000 -0.873356 0.873356
27.900000 -0.926323 0.926323
28.000000 -0.965412 0.965412
28.100000 -0.990038 0.990038
28.200000 -0.999830 0.999830
28.300000 -0.994643 0.994643
28.400000 -0.974555 0.974555
28.500000 -0.939865 0.939865
28.600000 -0.891095 0.891095
28.700000 -0.828974 0.828974
28.800000 -0.754434 0.754434
28.900000 -0.668590 0.668590
29.000000 -0.572730 0.572730
29.100000 -0.468289 0.468289
29.200000 -0.356832 0.356832
29.300000 -0.240029 0.240029
29.400000 -0.119630 0.119630
29.500000 0.002561 -0.002561
29.600000 0.124714 -0.124714
29.700000 0.244999 -0.244999
29.800000 0.361613 -0.361613
29.900000 0.472809 -0.472809
