2.027216 -0.060662 -1.028558 -0.969669 -0.009967 -0.666667
2.049120 -0.123135 -1.054510 -0.938433 -0.019967 -0.666667
2.065599 -0.187033 -1.077750 -0.906484 -0.029967 -0.666667
2.076637 -0.252177 -1.098268 -0.873912 -0.039967 -0.666667
2.082214 -0.318390 -1.116057 -0.840805 -0.049967 -0.666667
2.082309 -0.385499 -1.131104 -0.807251 -0.059967 -0.666667
2.076897 -0.453330 -1.143398 -0.773335 -0.069967 -0.666667
2.065950 -0.521712 -1.152925 -0.739144 -0.079967 -0.666667
2.049435 -0.590469 -1.159668 -0.704766 -0.089967 -0.666667
2.027319 -0.659425 -1.163610 -0.670287 -0.099967 -0.666667
1.999562 -0.728401 -1.164731 -0.635800 -0.109967 -0.666667
1.966120 -0.797209 -1.163010 -0.601396 -0.119967 -0.666667
1.926948 -0.865658 -1.158424 -0.567171 -0.129967 -0.666667
1.881997 -0.933547 -1.150948 -0.533227 -0.139967 -0.666667
1.831211 -1.000665 -1.140556 -0.499667 -0.149967 -0.666667
1.774536 -1.066789 -1.127218 -0.466606 -0.159967 -0.666667
1.711912 -1.131681 -1.110906 -0.434159 -0.169967 -0.666667
1.643278 -1.195087 -1.091589 -0.402457 -0.179967 -0.666667
1.568573 -1.256730 -1.069236 -0.371635 -0.189967 -0.666667
1.487734 -1.316314 -1.043817 -0.341843 -0.199967 -0.666667
1.400704 -1.373511 -1.015302 -0.313244 -0.209967 -0.666667
1.307426 -1.427964 -0.983663 -0.286018 -0.219967 -0.666667
1.207857 -1.479276 -0.948878 -0.260362 -0.229967 -0.666667
1.101964 -1.527009 -0.910932 -0.236496 -0.239967 -0.666667
0.989736 -1.570674 -0.869818 -0.214663 -0.249967 -0.666667
0.871192 -1.609726 -0.825546 -0.195137 -0.259967 -0.666667
0.746395 -1.643554 -0.778147 -0.178223 -0.269967 -0.666667
0.615467 -1.671477 -0.727684 -0.164262 -0.279967 -0.666667
0.478618 -1.692736 -0.674259 -0.153632 -0.289967 -0.666667
0.336169 -1.706499 -0.618034 -0.146751 -0.299967 -0.666667
0.188600 -1.711859 -0.559250 -0.144070 -0.309967 -0.666667
0.036590 -1.707866 -0.498245 -0.146067 -0.319967 -0.666667
-0.118927 -1.693563 -0.435487 -0.153218 -0.329967 -0.666667
-0.276721 -1.668062 -0.371589 -0.165969 -0.339967 -0.666667
-0.435244 -1.630651 -0.307328 -0.184675 -0.349967 -0.666667
-0.592658 -1.580925 -0.243621 -0.209538 -0.359967 -0.666667
-0.746931 -1.518916 -0.181484 -0.240542 -0.369967 -0.666667
-0.896012 -1.445175 -0.121944 -0.277413 -0.379967 -0.666667
-1.038024 -1.360759 -0.065938 -0.319621 -0.389967 -0.666667
-1.171451 -1.267125 -0.014224 -0.366438 -0.399967 -0.666667
-1.295231 -1.165955 0.032666 -0.417023 -0.409967 -0.666667
-1.408760 -1.058976 0.074430 -0.470512 -0.419967 -0.666667
-1.511828 -0.947822 0.110964 -0.526089 -0.429967 -0.666667
-1.604523 -0.833950 0.142311 -0.583025 -0.439967 -0.666667
-1.687131 -0.718611 0.168615 -0.640695 -0.449967 -0.666667
-1.760062 -0.602849 0.190081 -0.698575 -0.459967 -0.666667
-1.823786 -0.487527 0.206943 -0.756237 -0.469967 -0.666667
-1.878799 -0.373346 0.219450 -0.813327 -0.479967 -0.666667
-1.925594 -0.260879 0.227847 -0.869560 -0.489967 -0.666667
-1.964646 -0.150594 0.232373 -0.924703 -0.499967 -0.666667
-1.996407 -0.042870 0.233254 -0.978565 -0.509967 -0.666667
-2.021302 0.061977 0.230701 -1.030988 -0.519967 -0.666667
-2.039726 0.163688 0.224913 -1.081844 -0.529967 -0.666667
-2.052044 0.262045 0.216072 -1.131023 -0.539967 -0.666667
-2.058599 0.356866 0.204349 -1.178433 -0.549967 -0.666667
-2.059705 0.447993 0.189902 -1.223996 -0.559967 -0.666667
-2.055654 0.535290 0.172877 -1.267645 -0.569967 -0.666667
-2.046721 0.618639 0.153410 -1.309320 -0.579967 -0.666667
-2.033158 0.697934 0.131629 -1.348967 -0.589967 -0.666667
-2.015204 0.773078 0.107652 -1.386539 -0.599967 -0.666667
-1.993082 0.843984 0.081591 -1.421992 -0.609967 -0.666667
-1.967003 0.910569 0.053551 -1.455284 -0.619967 -0.666667
-1.937166 0.972755 0.023633 -1.486377 -0.629967 -0.666667
-1.903760 1.030466 -0.008070 -1.515233 -0.639967 -0.666667
-1.866966 1.083629 -0.041467 -1.541814 -0.649967 -0.666667
-1.826958 1.132170 -0.076471 -1.566085 -0.659967 -0.666667
-1.783905 1.176016 -0.112998 -1.588008 -0.669967 -0.666667
-1.737967 1.215092 -0.150966 -1.607546 -0.679967 -0.666667
-1.689305 1.249323 -0.190297 -1.624662 -0.689967 -0.666667
-1.638075 1.278630 -0.230912 -1.639315 -0.699967 -0.666667
-1.584432 1.302933 -0.272734 -1.651466 -0.709967 -0.666667
-1.528529 1.322145 -0.315686 -1.661072 -0.719967 -0.666667
-1.470521 1.336179 -0.359690 -1.668089 -0.729967 -0.666667
-1.410564 1.344942 -0.404668 -1.672471 -0.739967 -0.666667
-1.348818 1.348335 -0.450541 -1.674168 -0.749967 -0.666667
-1.285446 1.346256 -0.497227 -1.673128 -0.759967 -0.666667
-1.220617 1.338596 -0.544641 -1.669298 -0.769967 -0.666667
-1.154510 1.325238 -0.592695 -1.662619 -0.779967 -0.666667
-1.087309 1.306061 -0.641296 -1.653031 -0.789967 -0.666667
-1.019213 1.280936 -0.690344 -1.640468 -0.799967 -0.666667
-0.950433 1.249726 -0.739733 -1.624863 -0.809967 -0.666667
-0.881199 1.212287 -0.789351 -1.606143 -0.819967 -0.666667
-0.811758 1.168467 -0.839071 -1.584234 -0.829967 -0.666667
-0.742385 1.118109 -0.888758 -1.559054 -0.839967 -0.666667
-0.673381 1.061046 -0.938259 -1.530523 -0.849967 -0.666667
-0.605083 0.997110 -0.987408 -1.498555 -0.859967 -0.666667
-0.537869 0.926126 -1.036015 -1.463063 -0.869967 -0.666667
-0.472165 0.847923 -1.083867 -1.423961 -0.879967 -0.666667
-0.408456 0.762333 -1.130722 -1.381167 -0.889967 -0.666667
-0.347295 0.669205 -1.176303 -1.334602 -0.899967 -0.666667
-0.289314 0.568409 -1.220293 -1.284205 -0.909967 -0.666667
-0.235240 0.459863 -1.262330 -1.229931 -0.919967 -0.666667
-0.185904 0.343545 -1.301998 -1.171773 -0.929967 -0.666667
-0.142250 0.219539 -1.338825 -1.109770 -0.939967 -0.666667
-0.105338 0.088069 -1.372281 -1.044035 -0.949967 -0.666667
-0.076331 -0.050437 -1.401784 -0.974781 -0.959967 -0.666667
-0.056462 -0.195288 -1.426719 -0.902356 -0.969967 -0.666667
-0.046957 -0.345460 -1.446472 -0.827270 -0.979967 -0.666667
-0.048929 -0.499560 -1.460486 -0.750220 -0.989967 -0.666667
-0.063228 -0.655831 -1.468336 -0.672085 -0.999967 -0.666667
-0.090292 -0.812240 -1.469804 -0.593880 -1.009967 -0.666667
-0.130039 -0.966642 -1.464930 -0.516679 -1.019967 -0.666667
-0.181857 -1.116988 -1.454021 -0.441506 -1.029967 -0.666667
-0.244688 -1.261506 -1.437606 -0.369247 -1.039967 -0.666667
-0.317185 -1.398824 -1.416357 -0.300588 -1.049967 -0.666667
-0.397879 -1.527985 -1.391010 -0.236008 -1.059967 -0.666667
-0.485314 -1.648414 -1.362293 -0.175793 -1.069967 -0.666667
-0.578134 -1.759838 -1.330883 -0.120081 -1.079967 -0.666667
-0.675130 -1.862209 -1.297385 -0.068896 -1.089967 -0.666667
-0.775247 -1.955628 -1.262327 -0.022186 -1.099967 -0.666667
-0.877580 -2.040299 -1.226160 0.020149 -1.109967 -0.666667
-0.981360 -2.116478 -1.189270 0.058239 -1.119967 -0.666667
-1.085932 -2.184457 -1.151984 0.092228 -1.129967 -0.666667
-1.190740 -2.244536 -1.114580 0.122268 -1.139967 -0.666667
-1.295310 -2.297017 -1.077295 0.148509 -1.149967 -0.666667
-1.399232 -2.342195 -1.040334 0.171097 -1.159967 -0.666667
-1.502157 -2.380353 -1.003872 0.190176 -1.169967 -0.666667
-1.603776 -2.411761 -0.968062 0.205880 -1.179967 -0.666667
-1.703821 -2.436674 -0.933040 0.218337 -1.189967 -0.666667
-1.802052 -2.455333 -0.898924 0.227667 -1.199967 -0.666667
-1.898257 -2.467965 -0.865821 0.233983 -1.209967 -0.666667
-1.992242 -2.474783 -0.833829 0.237392 -1.219967 -0.666667
-2.083831 -2.475987 -0.803035 0.237994 -1.229967 -0.666667
-2.172861 -2.471766 -0.773520 0.235883 -1.239967 -0.666667
-2.259180 -2.462298 -0.745360 0.231149 -1.249967 -0.666667
-2.342645 -2.447750 -0.718627 0.223875 -1.259967 -0.666667
-2.423120 -2.428282 -0.693390 0.214141 -1.269967 -0.666667
-2.500474 -2.404045 -0.669713 0.202022 -1.279967 -0.666667
-2.574580 -2.375182 -0.647660 0.187591 -1.289967 -0.666667
-2.645312 -2.341833 -0.627294 0.170916 -1.299967 -0.666667
-2.712546 -2.304128 -0.608677 0.152064 -1.309967 -0.666667
-2.776160 -2.262195 -0.591870 0.131098 -1.319967 -0.666667
-2.836028 -2.216160 -0.576936 0.108080 -1.329967 -0.666667
-2.892026 -2.166141 -0.563937 0.083071 -1.339967 -0.666667
-2.944025 -2.112259 -0.552938 0.056130 -1.349967 -0.666667
-2.991892 -2.054632 -0.544004 0.027316 -1.359967 -0.666667
-3.035492 -1.993375 -0.537204 -0.003313 -1.369967 -0.666667
-3.074684 -1.928607 -0.532608 -0.035697 -1.379967 -0.666667
-3.109320 -1.860447 -0.530290 -0.069776 -1.389967 -0.666667
-3.139246 -1.789018 -0.530327 -0.105491 -1.399967 -0.666667
-3.164300 -1.714446 -0.532800 -0.142777 -1.409967 -0.666667
-3.184312 -1.636864 -0.537794 -0.181568 -1.419967 -0.666667
-3.199101 -1.556411 -0.545400 -0.221795 -1.429967 -0.666667
-3.208474 -1.473236 -0.555713 -0.263382 -1.439967 -0.666667
-3.212230 -1.387500 -0.568835 -0.306250 -1.449967 -0.666667
-3.210151 -1.299380 -0.584874 -0.350310 -1.459967 -0.666667
-3.202007 -1.209070 -0.603946 -0.395465 -1.469967 -0.666667
-3.187553 -1.116786 -0.626174 -0.441607 -1.479967 -0.666667
-3.166526 -1.022773 -0.651687 -0.488614 -1.489967 -0.666667
-3.138649 -0.927308 -0.680626 -0.536346 -1.499967 -0.666667
-3.103628 -0.830712 -0.713136 -0.584644 -1.509967 -0.666667
-3.061156 -0.733354 -0.749372 -0.633323 -1.519967 -0.666667
-3.010911 -0.635666 -0.789494 -0.682167 -1.529967 -0.666667
-2.952567 -0.538155 -0.833666 -0.730923 -1.539967 -0.666667
-2.885800 -0.441419 -0.882050 -0.779290 -1.549967 -0.666667
-2.810300 -0.346167 -0.934800 -0.826916 -1.559967 -0.666667
-2.725801 -0.253236 -0.992049 -0.873382 -1.569967 -0.666667
-2.632107 -0.163611 -1.053896 -0.918194 -1.579967 -0.666667
-2.529146 -0.078439 -1.120377 -0.960781 -1.589967 -0.666667
-2.417029 0.000975 -1.191435 -1.000487 -1.599967 -0.666667
-2.296135 0.073185 -1.266882 -1.036593 -1.609967 -0.666667
-2.167189 0.136680 -1.346355 -1.068340 -1.619967 -0.666667
-2.031329 0.189987 -1.429285 -1.094994 -1.629967 -0.666667
-1.890119 0.231840 -1.514891 -1.115920 -1.639967 -0.666667
-1.745474 0.261341 -1.602213 -1.130670 -1.649967 -0.666667
-1.599512 0.278092 -1.690194 -1.139046 -1.659967 -0.666667
-1.454342 0.282233 -1.777779 -1.141117 -1.669967 -0.666667
-1.311877 0.274378 -1.864012 -1.137189 -1.679967 -0.666667
-1.173706 0.255479 -1.948097 -1.127739 -1.689967 -0.666667
-1.041053 0.226676 -2.029423 -1.113338 -1.699967 -0.666667
-0.914793 0.189170 -2.107554 -1.094585 -1.709967 -0.666667
-0.795504 0.144133 -2.182198 -1.072066 -1.719967 -0.666667
-0.683539 0.092651 -2.253180 -1.046326 -1.729967 -0.666667
-0.579076 0.035709 -2.320412 -1.017855 -1.739967 -0.666667
-0.482173 -0.025820 -2.383864 -0.987090 -1.749967 -0.666667
-0.392804 -0.091167 -2.443548 -0.954416 -1.759967 -0.666667
-0.310888 -0.159661 -2.499506 -0.920170 -1.769967 -0.666667
-0.236309 -0.230710 -2.551795 -0.884645 -1.779967 -0.666667
-0.168929 -0.303797 -2.600486 -0.848101 -1.789967 -0.666667
-0.108598 -0.378467 -2.645651 -0.810766 -1.799967 -0.666667
-0.055161 -0.454316 -2.687370 -0.772842 -1.809967 -0.666667
-0.008464 -0.530983 -2.725718 -0.734509 -1.819967 -0.666667
0.031645 -0.608146 -2.760772 -0.695927 -1.829967 -0.666667
0.065314 -0.685513 -2.792607 -0.657243 -1.839967 -0.666667
0.092684 -0.762821 -2.821292 -0.618590 -1.849967 -0.666667
0.113892 -0.839824 -2.846896 -0.580088 -1.859967 -0.666667
0.129067 -0.916300 -2.869483 -0.541850 -1.869967 -0.666667
0.138330 -0.992039 -2.889115 -0.503981 -1.879967 -0.666667
0.141798 -1.066844 -2.905849 -0.466578 -1.889967 -0.666667
0.139579 -1.140530 -2.919740 -0.429735 -1.899967 -0.666667
0.131778 -1.212920 -2.930839 -0.393540 -1.909967 -0.666667
0.118492 -1.283843 -2.939196 -0.358078 -1.919967 -0.666667
0.099812 -1.353134 -2.944856 -0.323433 -1.929967 -0.666667
0.075827 -1.420630 -2.947864 -0.289685 -1.939967 -0.666667
0.046620 -1.486173 -2.948260 -0.256913 -1.949967 -0.666667
0.012268 -1.549605 -2.946084 -0.225197 -1.959967 -0.666667
-0.027152 -1.610768 -2.941374 -0.194616 -1.969967 -0.666667
-0.071570 -1.669503 -2.934165 -0.165249 -1.979967 -0.666667
-0.120915 -1.725647 -2.924493 -0.137176 -1.989967 -0.666667
-0.175120 -1.779038 -2.912390 -0.110481 -1.999967 -0.666667
-0.234119 -1.829506 -2.897890 -0.085247 -2.009967 -0.666667
-0.297849 -1.876877 -2.881026 -0.061562 -2.019967 -0.666667
-0.366242 -1.920968 -2.861829 -0.039516 -2.029967 -0.666667
-0.439235 -1.961592 -2.840333 -0.019204 -2.039967 -0.666667
-0.516758 -1.998550 -2.816571 -0.000725 -2.049967 -0.666667
-0.598741 -2.031631 -2.790579 0.015816 -2.059967 -0.666667
-0.685110 -2.060615 -2.762395 0.030307 -2.069967 -0.666667
-0.775782 -2.085265 -2.732059 0.042632 -2.079967 -0.666667
-0.870668 -2.105329 -2.699616 0.052664 -2.089967 -0.666667
-0.969667 -2.120537 -2.665117 0.060268 -2.099967 -0.666667
-1.072664 -2.130598 -2.628618 0.065299 -2.109967 -0.666667
-1.179525 -2.135201 -2.590187 0.067600 -2.119967 -0.666667
-1.290096 -2.134006 -2.549902 0.067003 -2.129967 -0.666667
-1.404189 -2.126649 -2.507856 0.063324 -2.139967 -0.666667
-1.521581 -2.112734 -2.464160 0.056367 -2.149967 -0.666667
-1.642001 -2.091837 -2.418949 0.045918 -2.159967 -0.666667
-1.765119 -2.063500 -2.372391 0.031750 -2.169967 -0.666667
-1.890525 -2.027235 -2.324687 0.013617 -2.179967 -0.666667
-2.017717 -1.982531 -2.276092 -0.008735 -2.189967 -0.666667
-2.146070 -1.928861 -2.226915 -0.035569 -2.199967 -0.666667
-2.274813 -1.865705 -2.177543 -0.067148 -2.209967 -0.666667
-2.403000 -1.792576 -2.128450 -0.103712 -2.219967 -0.666667
-2.529480 -1.709077 -2.080210 -0.145462 -2.229967 -0.666667
-2.652888 -1.614964 -2.033506 -0.192518 -2.239967 -0.666667
-2.771650 -1.510243 -1.989125 -0.244878 -2.249967 -0.666667
-2.884045 -1.395270 -1.947927 -0.302365 -2.259967 -0.666667
-2.988313 -1.270836 -1.910793 -0.364582 -2.269967 -0.666667
-3.082824 -1.138211 -1.878538 -0.430895 -2.279967 -0.666667
-3.166262 -0.999082 -1.851819 -0.500459 -2.289967 -0.666667
-3.237773 -0.855418 -1.831063 -0.572291 -2.299967 -0.666667
-3.297027 -0.709270 -1.816436 -0.645365 -2.309967 -0.666667
-3.344179 -0.562576 -1.807861 -0.718712 -2.319967 -0.666667
-3.379753 -0.417036 -1.805074 -0.791482 -2.329967 -0.666667
-3.404518 -0.274042 -1.807691 -0.862979 -2.339967 -0.666667
-3.419363 -0.134685 -1.815269 -0.932657 -2.349967 -0.666667
-3.425210 0.000216 -1.827345 -1.000108 -2.359967 -0.666667
-3.422960 0.130064 -1.843470 -1.065032 -2.369967 -0.666667
-3.413456 0.254440 -1.863222 -1.127220 -2.379967 -0.666667
-3.397476 0.373057 -1.886212 -1.186529 -2.389967 -0.666667
-3.375721 0.485728 -1.912089 -1.242864 -2.399967 -0.666667
-3.348826 0.592338 -1.940537 -1.296169 -2.409967 -0.666667
-3.317359 0.692826 -1.971271 -1.346413 -2.419967 -0.666667
-3.281829 0.787169 -2.004036 -1.393584 -2.429967 -0.666667
-3.242694 0.875368 -2.038603 -1.437684 -2.439967 -0.666667
-3.200370 0.957446 -2.074765 -1.478723 -2.449967 -0.666667
-3.155229 1.033435 -2.112336 -1.516717 -2.459967 -0.666667
-3.107613 1.103378 -2.151144 -1.551689 -2.469967 -0.666667
-3.057833 1.167320 -2.191034 -1.583660 -2.479967 -0.666667
-3.006176 1.225310 -2.231862 -1.612655 -2.489967 -0.666667
-2.952906 1.277397 -2.273497 -1.638698 -2.499967 -0.666667
-2.898272 1.323629 -2.315814 -1.661814 -2.509967 -0.666667
-2.842503 1.364052 -2.358699 -1.682026 -2.519967 -0.666667
-2.785817 1.398711 -2.402041 -1.699356 -2.529967 -0.666667
-2.728422 1.427648 -2.445739 -1.713824 -2.539967 -0.666667
-2.670515 1.450901 -2.489692 -1.725451 -2.549967 -0.666667
-2.612286 1.468505 -2.533807 -1.734253 -2.559967 -0.666667
-2.553919 1.480492 -2.577991 -1.740246 -2.569967 -0.666667
-2.495593 1.486890 -2.622153 -1.743445 -2.579967 -0.666667
-2.437485 1.487724 -2.666207 -1.743862 -2.589967 -0.666667
-2.379770 1.483016 -2.710065 -1.741508 -2.599967 -0.666667
-2.322620 1.472783 -2.753640 -1.736392 -2.609967 -0.666667
-2.266211 1.457041 -2.796845 -1.728520 -2.619967 -0.666667
-2.210717 1.435800 -2.839591 -1.717900 -2.629967 -0.666667
-2.156318 1.409069 -2.881791 -1.704535 -2.639967 -0.666667
-2.103198 1.376855 -2.923351 -1.688428 -2.649967 -0.666667
-2.051544 1.339161 -2.964178 -1.669581 -2.659967 -0.666667
-2.001553 1.295989 -3.004173 -1.647994 -2.669967 -0.666667
-1.953429 1.247337 -3.043236 -1.623669 -2.679967 -0.666667
-1.907385 1.193206 -3.081257 -1.596603 -2.689967 -0.666667
-1.863650 1.133593 -3.118125 -1.566796 -2.699967 -0.666667
-1.822462 1.068497 -3.153719 -1.534249 -2.709967 -0.666667
-1.784080 0.997921 -3.187910 -1.498960 -2.719967 -0.666667
-1.748780 0.921867 -3.220560 -1.460933 -2.729967 -0.666667
-1.716859 0.840346 -3.251521 -1.420173 -2.739967 -0.666667
-1.688641 0.753375 -3.280630 -1.376687 -2.749967 -0.666667
-1.664477 0.660983 -3.307711 -1.330492 -2.759967 -0.666667
-1.644754 0.563216 -3.332573 -1.281608 -2.769967 -0.666667
-1.629894 0.460140 -3.355003 -1.230070 -2.779967 -0.666667
-1.620361 0.351852 -3.374769 -1.175926 -2.789967 -0.666667
-1.616668 0.238486 -3.391616 -1.119243 -2.799967 -0.666667
-1.619377 0.120233 -3.405262 -1.060117 -2.809967 -0.666667
-1.629105 -0.002649 -3.415398 -0.998675 -2.819967 -0.666667
-1.646524 -0.129807 -3.421688 -0.935096 -2.829967 -0.666667
-1.672356 -0.260767 -3.423772 -0.869616 -2.839967 -0.666667
-1.707358 -0.394898 -3.421271 -0.802551 -2.849967 -0.666667
-1.752297 -0.531374 -3.413802 -0.734313 -2.859967 -0.666667
-1.807901 -0.669131 -3.400999 -0.665435 -2.869967 -0.666667
-1.874787 -0.806838 -3.382557 -0.596581 -2.879967 -0.666667
-1.953355 -0.942892 -3.358273 -0.528554 -2.889967 -0.666667
-2.043672 -1.075459 -3.328114 -0.462270 -2.899967 -0.666667
-2.145358 -1.202582 -3.292271 -0.398709 -2.909967 -0.666667
-2.257528 -1.322348 -3.251186 -0.338826 -2.919967 -0.666667
-2.378818 -1.433093 -3.205541 -0.283454 -2.929967 -0.666667
-2.507516 -1.533559 -3.156192 -0.233220 -2.939967 -0.666667
-2.641746 -1.622982 -3.104077 -0.188509 -2.949967 -0.666667
-2.779654 -1.701070 -3.050123 -0.149465 -2.959967 -0.666667
-2.919544 -1.767923 -2.995178 -0.116039 -2.969967 -0.666667
-3.059953 -1.823915 -2.939973 -0.088043 -2.979967 -0.666667
-3.199669 -1.869594 -2.885115 -0.065203 -2.989967 -0.666667
-3.337714 -1.905594 -2.831093 -0.047203 -2.999967 -0.666667
-3.473315 -1.932578 -2.778292 -0.033711 -3.009967 -0.666667
-3.605868 -1.951199 -2.727016 -0.024400 -3.019967 -0.666667
-3.734903 -1.962084 -2.677499 -0.018958 -3.029967 -0.666667
-3.860054 -1.965818 -2.629923 -0.017091 -3.039967 -0.666667
-3.981042 -1.962944 -2.584429 -0.018528 -3.049967 -0.666667
-4.097648 -1.953959 -2.541126 -0.023020 -3.059967 -0.666667
-4.209702 -1.939321 -2.500099 -0.030339 -3.069967 -0.666667
-4.317072 -1.919448 -2.461414 -0.040276 -3.079967 -0.666667
-4.419655 -1.894722 -2.425123 -0.052639 -3.089967 -0.666667
-4.517369 -1.865496 -2.391266 -0.067252 -3.099967 -0.666667
-4.610148 -1.832093 -2.359876 -0.083953 -3.109967 -0.666667
-4.697940 -1.794813 -2.330980 -0.102593 -3.119967 -0.666667
-4.780700 -1.753934 -2.304600 -0.123033 -3.129967 -0.666667
-4.858390 -1.709714 -2.280755 -0.145143 -3.139967 -0.666667
-4.930978 -1.662395 -2.259461 -0.168802 -3.149967 -0.666667
-4.998432 -1.612206 -2.240734 -0.193897 -3.159967 -0.666667
-5.060725 -1.559361 -2.224588 -0.220320 -3.169967 -0.666667
-5.117827 -1.504064 -2.211036 -0.247968 -3.179967 -0.666667
-5.169712 -1.446513 -2.200094 -0.276744 -3.189967 -0.666667
-5.216350 -1.386893 -2.191775 -0.306553 -3.199967 -0.666667
-5.257709 -1.325389 -2.186096 -0.337306 -3.209967 -0.666667
-5.293757 -1.262175 -2.183071 -0.368912 -3.219967 -0.666667
-5.324460 -1.197427 -2.182720 -0.401287 -3.229967 -0.666667
-5.349779 -1.131314 -2.185061 -0.434343 -3.239967 -0.666667
-5.369673 -1.064006 -2.190114 -0.467997 -3.249967 -0.666667
-5.384097 -0.995673 -2.197901 -0.502163 -3.259967 -0.666667
-5.393004 -0.926486 -2.208448 -0.536757 -3.269967 -0.666667
-5.396342 -0.856618 -2.221779 -0.571691 -3.279967 -0.666667
-5.394055 -0.786245 -2.237922 -0.606878 -3.289967 -0.666667
-5.386083 -0.715550 -2.256909 -0.642225 -3.299967 -0.666667
-5.372361 -0.644720 -2.278769 -0.677640 -3.309967 -0.666667
-5.352821 -0.573954 -2.303539 -0.713023 -3.319967 -0.666667
-5.327390 -0.503457 -2.331255 -0.748272 -3.329967 -0.666667
-5.295991 -0.433449 -2.361955 -0.783276 -3.339967 -0.666667
-5.258542 -0.364164 -2.395679 -0.817918 -3.349967 -0.666667
-5.214960 -0.295852 -2.432470 -0.852074 -3.359967 -0.666667
-5.165157 -0.228786 -2.472371 -0.885607 -3.369967 -0.666667
-5.109046 -0.163261 -2.515427 -0.918369 -3.379967 -0.666667
-5.046536 -0.099602 -2.561682 -0.950199 -3.389967 -0.666667
-4.977543 -0.038165 -2.611178 -0.980917 -3.399967 -0.666667
-4.901986 0.020652 -2.663957 -1.010326 -3.409967 -0.666667
-4.819796 0.076409 -2.720052 -1.038204 -3.419967 -0.666667
-4.730920 0.128610 -2.779490 -1.064305 -3.429967 -0.666667
-4.635332 0.176701 -2.842284 -1.088350 -3.439967 -0.666667
-4.533047 0.220057 -2.908426 -1.110028 -3.449967 -0.666667
-4.424135 0.257974 -2.977882 -1.128987 -3.459967 -0.666667
-4.308749 0.289667 -3.050575 -1.144834 -3.469967 -0.666667
-4.187156 0.314261 -3.126372 -1.157130 -3.479967 -0.666667
-4.059776 0.330800 -3.205062 -1.165400 -3.489967 -0.666667
-3.927237 0.338266 -3.286332 -1.169133 -3.499967 -0.666667
-3.790424 0.335624 -3.369738 -1.167812 -3.509967 -0.666667
-3.650532 0.321892 -3.454684 -1.160946 -3.519967 -0.666667
-3.509091 0.296254 -3.540405 -1.148127 -3.529967 -0.666667
-3.367938 0.258197 -3.625981 -1.129098 -3.539967 -0.666667
-3.229122 0.207643 -3.710389 -1.103822 -3.549967 -0.666667
-3.094731 0.145038 -3.792584 -1.072519 -3.559967 -0.666667
-2.966689 0.071339 -3.871606 -1.035669 -3.569967 -0.666667
-2.846576 -0.012087 -3.946662 -0.993956 -3.579967 -0.666667
-2.735532 -0.103638 -4.017184 -0.948181 -3.589967 -0.666667
-2.634248 -0.201647 -4.082826 -0.899176 -3.599967 -0.666667
-2.543026 -0.304528 -4.143437 -0.847736 -3.609967 -0.666667
-2.461873 -0.410848 -4.199013 -0.794576 -3.619967 -0.666667
-2.390589 -0.519366 -4.249655 -0.740317 -3.629967 -0.666667
-2.328847 -0.629034 -4.295526 -0.685483 -3.639967 -0.666667
-2.276247 -0.738977 -4.336826 -0.630511 -3.649967 -0.666667
-2.232358 -0.848472 -4.373771 -0.575764 -3.659967 -0.666667
-2.196741 -0.956922 -4.406579 -0.521539 -3.669967 -0.666667
-2.168967 -1.063835 -4.435466 -0.468083 -3.679967 -0.666667
-2.148623 -1.168800 -4.460638 -0.415600 -3.689967 -0.666667
-2.135320 -1.271477 -4.482290 -0.364262 -3.699967 -0.666667
-2.128691 -1.371578 -4.500605 -0.314211 -3.709967 -0.666667
-2.128395 -1.468860 -4.515753 -0.265570 -3.719967 -0.666667
-2.134113 -1.563114 -4.527894 -0.218443 -3.729967 -0.666667
-2.145548 -1.654159 -4.537176 -0.172921 -3.739967 -0.666667
-2.162425 -1.741836 -4.543738 -0.129082 -3.749967 -0.666667
-2.184485 -1.826005 -4.547708 -0.086997 -3.759967 -0.666667
-2.211487 -1.906539 -4.549206 -0.046730 -3.769967 -0.666667
-2.243206 -1.983322 -4.548347 -0.008339 -3.779967 -0.666667
-2.279430 -2.056248 -4.545235 0.028124 -3.789967 -0.666667
-2.319956 -2.125216 -4.539972 0.062608 -3.799967 -0.666667
-2.364597 -2.190130 -4.532651 0.095065 -3.809967 -0.666667
-2.413172 -2.250900 -4.523364 0.125450 -3.819967 -0.666667
-2.465507 -2.307434 -4.512196 0.153717 -3.829967 -0.666667
-2.521439 -2.359645 -4.499230 0.179822 -3.839967 -0.666667
-2.580808 -2.407443 -4.484546 0.203722 -3.849967 -0.666667
-2.643458 -2.450741 -4.468221 0.225370 -3.859967 -0.666667
-2.709239 -2.489447 -4.450331 0.244723 -3.869967 -0.666667
-2.778003 -2.523468 -4.430949 0.261734 -3.879967 -0.666667
-2.849603 -2.552710 -4.410148 0.276355 -3.889967 -0.666667
-2.923895 -2.577074 -4.388003 0.288537 -3.899967 -0.666667
-3.000731 -2.596456 -4.364584 0.298228 -3.909967 -0.666667
-3.079965 -2.610749 -4.339968 0.305374 -3.919967 -0.666667
-3.161445 -2.619840 -4.314227 0.309920 -3.929967 -0.666667
-3.245019 -2.623610 -4.287441 0.311805 -3.939967 -0.666667
-3.330526 -2.621934 -4.259687 0.310967 -3.949967 -0.666667
-3.417799 -2.614680 -4.231051 0.307340 -3.959967 -0.666667
-3.506662 -2.601709 -4.201619 0.300854 -3.969967 -0.666667
-3.596928 -2.582871 -4.171486 0.291435 -3.979967 -0.666667
-3.688397 -2.558011 -4.140752 0.279005 -3.989967 -0.666667
-3.780851 -2.526962 -4.109525 0.263481 -3.999967 -0.666667
-3.874052 -2.489551 -4.077924 0.244775 -4.009967 -0.666667
-3.967738 -2.445592 -4.046081 0.222796 -4.019967 -0.666667
-4.061620 -2.394893 -4.014140 0.197446 -4.029967 -0.666667
-4.155371 -2.337252 -3.982264 0.168626 -4.039967 -0.666667
-4.248624 -2.272462 -3.950638 0.136231 -4.049967 -0.666667
-4.340962 -2.200311 -3.919469 0.100156 -4.059967 -0.666667
-4.431906 -2.120591 -3.888997 0.060295 -4.069967 -0.666667
-4.520909 -2.033100 -3.859495 0.016550 -4.079967 -0.666667
-4.607337 -1.937659 -3.831281 -0.031170 -4.089967 -0.666667
-4.690459 -1.834124 -3.804721 -0.082938 -4.099967 -0.666667
-4.769430 -1.722411 -3.780235 -0.138795 -4.109967 -0.666667
-4.843284 -1.602534 -3.758308 -0.198733 -4.119967 -0.666667
-4.910923 -1.474646 -3.739489 -0.262677 -4.129967 -0.666667
-4.971133 -1.339102 -3.724384 -0.330449 -4.139967 -0.666667
-5.022615 -1.196527 -3.713642 -0.401737 -4.149967 -0.666667
-5.064058 -1.047884 -3.707921 -0.476058 -4.159967 -0.666667
-5.094253 -0.894522 -3.707823 -0.552739 -4.169967 -0.666667
-5.112244 -0.738168 -3.713828 -0.630916 -4.179967 -0.666667
-5.117482 -0.580844 -3.726209 -0.709578 -4.189967 -0.666667
-5.109938 -0.424700 -3.744981 -0.787650 -4.199967 -0.666667
-5.090115 -0.271808 -3.769892 -0.864096 -4.209967 -0.666667
-5.058968 -0.123976 -3.800466 -0.938012 -4.219967 -0.666667
-5.017748 0.017369 -3.836076 -1.008685 -4.229967 -0.666667
-4.967843 0.151204 -3.876028 -1.075602 -4.239967 -0.666667
-4.910645 0.276876 -3.919628 -1.138438 -4.249967 -0.666667
-4.847459 0.394033 -3.966220 -1.197017 -4.259967 -0.666667
-4.779467 0.502546 -4.015217 -1.251273 -4.269967 -0.666667
-4.707704 0.602442 -4.066098 -1.301221 -4.279967 -0.666667
-4.633068 0.693851 -4.118416 -1.346926 -4.289967 -0.666667
-4.556333 0.776972 -4.171784 -1.388486 -4.299967 -0.666667
-4.478158 0.852035 -4.225871 -1.426017 -4.309967 -0.666667
-4.399113 0.919293 -4.280394 -1.459646 -4.319967 -0.666667
-4.319685 0.979003 -4.335108 -1.489502 -4.329967 -0.666667
-4.240298 1.031421 -4.389801 -1.515711 -4.339967 -0.666667
-4.161321 1.076796 -4.444289 -1.538398 -4.349967 -0.666667
-4.083077 1.115367 -4.498411 -1.557683 -4.359967 -0.666667
-4.005852 1.147361 -4.552024 -1.573681 -4.369967 -0.666667
-3.929902 1.172996 -4.604999 -1.586498 -4.379967 -0.666667
-3.855455 1.192475 -4.657223 -1.596238 -4.389967 -0.666667
-3.782721 1.205991 -4.708590 -1.602996 -4.399967 -0.666667
-3.711891 1.213727 -4.759005 -1.606863 -4.409967 -0.666667
-3.643142 1.215853 -4.808379 -1.607926 -4.419967 -0.666667
-3.576640 1.212531 -4.856630 -1.606266 -4.429967 -0.666667
-3.512541 1.203915 -4.903680 -1.601957 -4.439967 -0.666667
-3.450995 1.190148 -4.949453 -1.595074 -4.449967 -0.666667
-3.392145 1.171369 -4.993878 -1.585685 -4.459967 -0.666667
-3.336131 1.147709 -5.036885 -1.573854 -4.469967 -0.666667
-3.283088 1.119291 -5.078406 -1.559646 -4.479967 -0.666667
-3.233153 1.086237 -5.118373 -1.543118 -4.489967 -0.666667
-3.186460 1.048660 -5.156720 -1.524330 -4.499967 -0.666667
-3.143144 1.006674 -5.193378 -1.503337 -4.509967 -0.666667
-3.103342 0.960386 -5.228279 -1.480193 -4.519967 -0.666667
-3.067193 0.909903 -5.261354 -1.454951 -4.529967 -0.666667
-3.034838 0.855329 -5.292531 -1.427665 -4.539967 -0.666667
-3.006427 0.796770 -5.321737 -1.398385 -4.549967 -0.666667
-2.982110 0.734328 -5.348895 -1.367164 -4.559967 -0.666667
-2.962046 0.668111 -5.373927 -1.334056 -4.569967 -0.666667
-2.946401 0.598227 -5.396749 -1.299113 -4.579967 -0.666667
-2.935350 0.524787 -5.417275 -1.262393 -4.589967 -0.666667
-2.929075 0.447908 -5.435413 -1.223954 -4.599967 -0.666667
-2.927771 0.367715 -5.451064 -1.183858 -4.609967 -0.666667
-2.931645 0.284340 -5.464127 -1.142170 -4.619967 -0.666667
-2.940916 0.197926 -5.474492 -1.098963 -4.629967 -0.666667
-2.955818 0.108633 -5.482041 -1.054316 -4.639967 -0.666667
-2.976600 0.016635 -5.486650 -1.008317 -4.649967 -0.666667
-3.003531 -0.077871 -5.488185 -0.961064 -4.659967 -0.666667
-3.036895 -0.174661 -5.486503 -0.912670 -4.669967 -0.666667
-3.076997 -0.273476 -5.481452 -0.863262 -4.679967 -0.666667
-3.124162 -0.374020 -5.472869 -0.812990 -4.689967 -0.666667
-3.178733 -0.475942 -5.460584 -0.762029 -4.699967 -0.666667
-3.241072 -0.578831 -5.444414 -0.710584 -4.709967 -0.666667
-3.311551 -0.682200 -5.424174 -0.658900 -4.719967 -0.666667
-3.390549 -0.785465 -5.399675 -0.607268 -4.729967 -0.666667
-3.478434 -0.887930 -5.370733 -0.556035 -4.739967 -0.666667
-3.575542 -0.988764 -5.337179 -0.505618 -4.749967 -0.666667
-3.682143 -1.086977 -5.298878 -0.456512 -4.759967 -0.666667
-3.798393 -1.181406 -5.255753 -0.409297 -4.769967 -0.666667
-3.924266 -1.270712 -5.207817 -0.364644 -4.779967 -0.666667
-4.059468 -1.353404 -5.155216 -0.323298 -4.789967 -0.666667
-4.203355 -1.427899 -5.098273 -0.286050 -4.799967 -0.666667
-4.354858 -1.492645 -5.037521 -0.253678 -4.809967 -0.666667
-4.512470 -1.546276 -4.973715 -0.226862 -4.819967 -0.666667
-4.674313 -1.587793 -4.907794 -0.206103 -4.829967 -0.666667
-4.838295 -1.616690 -4.840802 -0.191655 -4.839967 -0.666667
-5.002316 -1.632996 -4.773792 -0.183502 -4.849967 -0.666667
-5.164453 -1.637214 -4.707724 -0.181393 -4.859967 -0.666667
-5.323088 -1.630192 -4.643406 -0.184904 -4.869967 -0.666667
-5.476955 -1.612977 -4.581472 -0.193511 -4.879967 -0.666667
-5.625124 -1.586690 -4.522388 -0.206655 -4.889967 -0.666667
-5.766951 -1.552436 -4.466474 -0.223782 -4.899967 -0.666667
-5.902020 -1.511255 -4.413940 -0.244372 -4.909967 -0.666667
-6.030086 -1.464096 -4.364907 -0.267952 -4.919967 -0.666667
-6.151029 -1.411807 -4.319435 -0.294097 -4.929967 -0.666667
-6.264817 -1.355140 -4.277542 -0.322430 -4.939967 -0.666667
-6.371475 -1.294761 -4.239212 -0.352620 -4.949967 -0.666667
-6.471073 -1.231255 -4.204413 -0.384372 -4.959967 -0.666667
-6.563704 -1.165141 -4.173098 -0.417430 -4.969967 -0.666667
-6.649477 -1.096878 -4.145212 -0.451561 -4.979967 -0.666667
-6.728510 -1.026874 -4.120695 -0.486563 -4.989967 -0.666667
-6.800925 -0.955496 -4.099488 -0.522252 -4.999967 -0.666667
-6.866843 -0.883073 -4.081528 -0.558463 -5.009967 -0.666667
-6.926386 -0.809905 -4.066757 -0.595047 -5.019967 -0.666667
-6.979668 -0.736266 -4.055116 -0.631867 -5.029967 -0.666667
-7.026804 -0.662405 -4.046548 -0.668798 -5.039967 -0.666667
-7.067899 -0.588556 -4.041000 -0.705722 -5.049967 -0.666667
-7.103056 -0.514935 -4.038422 -0.742532 -5.059967 -0.666667
-7.132372 -0.441748 -4.038764 -0.779126 -5.069967 -0.666667
-7.155937 -0.369187 -4.041982 -0.815406 -5.079967 -0.666667
-7.173837 -0.297437 -4.048031 -0.851281 -5.089967 -0.666667
-7.186154 -0.226676 -4.056873 -0.886662 -5.099967 -0.666667
-7.192963 -0.157076 -4.068468 -0.921462 -5.109967 -0.666667
-7.194336 -0.088805 -4.082782 -0.955597 -5.119967 -0.666667
-7.190341 -0.022030 -4.099780 -0.988985 -5.129967 -0.666667
-7.181040 0.043085 -4.119430 -1.021542 -5.139967 -0.666667
-7.166495 0.106376 -4.141703 -1.053188 -5.149967 -0.666667
-7.146760 0.167679 -4.166570 -1.083839 -5.159967 -0.666667
-7.121891 0.226824 -4.194004 -1.113412 -5.169967 -0.666667
-7.091939 0.283643 -4.223980 -1.141822 -5.179967 -0.666667
-7.056954 0.337960 -4.256473 -1.168980 -5.189967 -0.666667
-7.016985 0.389594 -4.291458 -1.194797 -5.199967 -0.666667
-6.972080 0.438358 -4.328910 -1.219179 -5.209967 -0.666667
-6.922286 0.484056 -4.368807 -1.242028 -5.219967 -0.666667
-6.867655 0.526483 -4.411122 -1.263241 -5.229967 -0.666667
-6.808237 0.565421 -4.455831 -1.282710 -5.239967 -0.666667
-6.744089 0.600641 -4.502906 -1.300320 -5.249967 -0.666667
-6.675270 0.631897 -4.552315 -1.315948 -5.259967 -0.666667
-6.601848 0.658928 -4.604026 -1.329464 -5.269967 -0.666667
-6.523901 0.681452 -4.657999 -1.340726 -5.279967 -0.666667
-6.441519 0.699167 -4.714190 -1.349583 -5.289967 -0.666667
-6.354810 0.711743 -4.772545 -1.355872 -5.299967 -0.666667
-6.263901 0.718827 -4.833000 -1.359414 -5.309967 -0.666667
-6.168949 0.720033 -4.895475 -1.360016 -5.319967 -0.666667
-6.070148 0.714941 -4.959876 -1.357470 -5.329967 -0.666667
-5.967736 0.703097 -5.026082 -1.351548 -5.339967 -0.666667
-5.862012 0.684010 -5.093944 -1.342005 -5.349967 -0.666667
-5.753352 0.657153 -5.163274 -1.328576 -5.359967 -0.666667
-5.642226 0.621964 -5.233837 -1.310982 -5.369967 -0.666667
-5.529230 0.577861 -5.305335 -1.288930 -5.379967 -0.666667
-5.415109 0.524253 -5.377395 -1.262127 -5.389967 -0.666667
-5.300794 0.460581 -5.449553 -1.230290 -5.399967 -0.666667
-5.187427 0.386357 -5.521236 -1.193178 -5.409967 -0.666667
-5.076385 0.301244 -5.591758 -1.150622 -5.419967 -0.666667
-4.969266 0.205151 -5.660317 -1.102575 -5.429967 -0.666667
-4.867838 0.098335 -5.726031 -1.049167 -5.439967 -0.666667
-4.773924 -0.018499 -5.787988 -0.990750 -5.449967 -0.666667
-4.689234 -0.144163 -5.845333 -0.927919 -5.459967 -0.666667
-4.615171 -0.277033 -5.897365 -0.861483 -5.469967 -0.666667
-4.552688 -0.415194 -5.943606 -0.792403 -5.479967 -0.666667
-4.502218 -0.556632 -5.983841 -0.721684 -5.489967 -0.666667
-4.463717 -0.699426 -6.018092 -0.650287 -5.499967 -0.666667
-4.436764 -0.841879 -6.046568 -0.579060 -5.509967 -0.666667
-4.420691 -0.982578 -6.069604 -0.508711 -5.519967 -0.666667
-4.414699 -1.120402 -6.087601 -0.439799 -5.529967 -0.666667
-4.417939 -1.254488 -6.100981 -0.372756 -5.539967 -0.666667
-4.429574 -1.384191 -6.110163 -0.307904 -5.549967 -0.666667
-4.448810 -1.509042 -6.115545 -0.245479 -5.559967 -0.666667
-4.474910 -1.628702 -6.117495 -0.185649 -5.569967 -0.666667
-4.507199 -1.742934 -6.116350 -0.128533 -5.579967 -0.666667
-4.545069 -1.851578 -6.112416 -0.074211 -5.589967 -0.666667
-4.587966 -1.954529 -6.105967 -0.022736 -5.599967 -0.666667
-4.635394 -2.051721 -6.097253 0.025860 -5.609967 -0.666667
-4.686904 -2.143120 -6.086498 0.071560 -5.619967 -0.666667
-4.742087 -2.228712 -6.073907 0.114356 -5.629967 -0.666667
-4.800572 -2.308499 -6.059664 0.154249 -5.639967 -0.666667
-4.862023 -2.382492 -6.043938 0.191246 -5.649967 -0.666667
-4.926128 -2.450709 -6.026886 0.225355 -5.659967 -0.666667
-4.992601 -2.513174 -6.008649 0.256587 -5.669967 -0.666667
-5.061177 -2.569911 -5.989362 0.284956 -5.679967 -0.666667
-5.131608 -2.620946 -5.969146 0.310473 -5.689967 -0.666667
-5.203662 -2.666303 -5.948119 0.333152 -5.699967 -0.666667
-5.277120 -2.706008 -5.926390 0.353004 -5.709967 -0.666667
-5.351773 -2.740082 -5.904063 0.370041 -5.719967 -0.666667
-5.427424 -2.768545 -5.881238 0.384272 -5.729967 -0.666667
-5.503881 -2.791414 -5.858010 0.395707 -5.739967 -0.666667
-5.580957 -2.808704 -5.834471 0.404352 -5.749967 -0.666667
-5.658473 -2.820427 -5.810713 0.410213 -5.759967 -0.666667
-5.736252 -2.826590 -5.786824 0.413295 -5.769967 -0.666667
-5.814117 -2.827198 -5.762892 0.413599 -5.779967 -0.666667
-5.891894 -2.822253 -5.739003 0.411127 -5.789967 -0.666667
-5.969408 -2.811754 -5.715246 0.405877 -5.799967 -0.666667
-6.046484 -2.795694 -5.691708 0.397847 -5.809967 -0.666667
-6.122940 -2.774067 -5.668480 0.387034 -5.819967 -0.666667
-6.198593 -2.746861 -5.645653 0.373430 -5.829967 -0.666667
-6.273255 -2.714061 -5.623322 0.357031 -5.839967 -0.666667
-6.346730 -2.675651 -5.601585 0.337826 -5.849967 -0.666667
-6.418811 -2.631613 -5.580545 0.315806 -5.859967 -0.666667
-6.489284 -2.581924 -5.560308 0.290962 -5.869967 -0.666667
-6.557922 -2.526562 -5.540989 0.263281 -5.879967 -0.666667
-6.624483 -2.465505 -5.522709 0.232753 -5.889967 -0.666667
-6.688707 -2.398731 -5.505596 0.199366 -5.899967 -0.666667
-6.750316 -2.326219 -5.489792 0.163110 -5.909967 -0.666667
-6.809009 -2.247953 -5.475445 0.123976 -5.919967 -0.666667
-6.864458 -2.163920 -5.462721 0.081960 -5.929967 -0.666667
-6.916303 -2.074122 -5.451798 0.037061 -5.939967 -0.666667
-6.964153 -1.978568 -5.442874 -0.010716 -5.949967 -0.666667
-7.007572 -1.877292 -5.436164 -0.061354 -5.959967 -0.666667
-7.046083 -1.770350 -5.431909 -0.114825 -5.969967 -0.666667
-7.079154 -1.657839 -5.430373 -0.171080 -5.979967 -0.666667
-7.106198 -1.539904 -5.431851 -0.230048 -5.989967 -0.666667
-7.126569 -1.416760 -5.436666 -0.291620 -5.999967 -0.666667
-7.139554 -1.288712 -5.445173 -0.355644 -6.009967 -0.666667
-7.144384 -1.156188 -5.457758 -0.421906 -6.019967 -0.666667
-7.140240 -1.019775 -5.474830 -0.490113 -6.029967 -0.666667
-7.126283 -0.880261 -5.496808 -0.559870 -6.039967 -0.666667
-7.101698 -0.738679 -5.524101 -0.630660 -6.049967 -0.666667
-7.065774 -0.596345 -5.557063 -0.701828 -6.059967 -0.666667
-7.018005 -0.454862 -5.595947 -0.772569 -6.069967 -0.666667
-6.958218 -0.316085 -5.640841 -0.841957 -6.079967 -0.666667
-6.886690 -0.182011 -5.691605 -0.908994 -6.089967 -0.666667
-6.804209 -0.054605 -5.747845 -0.972698 -6.099967 -0.666667
-6.712052 0.064399 -5.808924 -1.032199 -6.109967 -0.666667
-6.611855 0.173663 -5.874023 -1.086832 -6.119967 -0.666667
-6.505431 0.272332 -5.942235 -1.136166 -6.129967 -0.666667
-6.394589 0.360015 -6.012656 -1.180007 -6.139967 -0.666667
-6.280997 0.436710 -6.084451 -1.218355 -6.149967 -0.666667
-6.166113 0.502695 -6.156894 -1.251348 -6.159967 -0.666667
-6.051155 0.558427 -6.229372 -1.279213 -6.169967 -0.666667
-5.937123 0.604457 -6.301389 -1.302229 -6.179967 -0.666667
-5.824817 0.641380 -6.372542 -1.320690 -6.189967 -0.666667
-5.714875 0.669790 -6.442512 -1.334895 -6.199967 -0.666667
-5.607805 0.690264 -6.511047 -1.345132 -6.209967 -0.666667
-5.504007 0.703346 -6.577947 -1.351673 -6.219967 -0.666667
-5.403798 0.709545 -6.643051 -1.354773 -6.229967 -0.666667
-5.307434 0.709332 -6.706233 -1.354666 -6.239967 -0.666667
-5.215116 0.703139 -6.767392 -1.351569 -6.249967 -0.666667
-5.127009 0.691366 -6.826445 -1.345683 -6.259967 -0.666667
-5.043247 0.674381 -6.883326 -1.337191 -6.269967 -0.666667
-4.963940 0.652522 -6.937980 -1.326261 -6.279967 -0.666667
-4.889180 0.626102 -6.990360 -1.313051 -6.289967 -0.666667
-4.819045 0.595411 -7.040427 -1.297705 -6.299967 -0.666667
-4.753604 0.560717 -7.088148 -1.280359 -6.309967 -0.666667
-4.692916 0.522274 -7.133492 -1.261137 -6.319967 -0.666667
-4.637035 0.480316 -7.176432 -1.240158 -6.329967 -0.666667
-4.586013 0.435066 -7.216944 -1.217533 -6.339967 -0.666667
-4.539896 0.386733 -7.255002 -1.193366 -6.349967 -0.666667
-4.498732 0.335517 -7.290584 -1.167759 -6.359967 -0.666667
-4.462566 0.281610 -7.323667 -1.140805 -6.369967 -0.666667
-4.431445 0.225194 -7.354228 -1.112597 -6.379967 -0.666667
-4.405415 0.166447 -7.382242 -1.083223 -6.389967 -0.666667
-4.384526 0.105541 -7.407687 -1.052771 -6.399967 -0.666667
-4.368830 0.042646 -7.430535 -1.021323 -6.409967 -0.666667
-4.358379 -0.022071 -7.450760 -0.988964 -6.419967 -0.666667
-4.353231 -0.088447 -7.468334 -0.955776 -6.429967 -0.666667
-4.353446 -0.156316 -7.483227 -0.921842 -6.439967 -0.666667
-4.359088 -0.225512 -7.495406 -0.887244 -6.449967 -0.666667
-4.370225 -0.295867 -7.504838 -0.852067 -6.459967 -0.666667
-4.386929 -0.367209 -7.511486 -0.816396 -6.469967 -0.666667
-4.409278 -0.439362 -7.515311 -0.780319 -6.479967 -0.666667
-4.437353 -0.512143 -7.516273 -0.743929 -6.489967 -0.666667
-4.471242 -0.585361 -7.514329 -0.707320 -6.499967 -0.666667
-4.511037 -0.658814 -7.509431 -0.670593 -6.509967 -0.666667
-4.556836 -0.732290 -7.501532 -0.633855 -6.519967 -0.666667
-4.608741 -0.805561 -7.490580 -0.597220 -6.529967 -0.666667
-4.666860 -0.878380 -7.476520 -0.560810 -6.539967 -0.666667
-4.731304 -0.950482 -7.459298 -0.524759 -6.549967 -0.666667
-4.802191 -1.021577 -7.438855 -0.489211 -6.559967 -0.666667
-4.879636 -1.091345 -7.415132 -0.454328 -6.569967 -0.666667
-4.963760 -1.159431 -7.388070 -0.420284 -6.579967 -0.666667
-5.054676 -1.225442 -7.357612 -0.387279 -6.589967 -0.666667
-5.152492 -1.288937 -7.323704 -0.355531 -6.599967 -0.666667
-5.257304 -1.349418 -7.286298 -0.325291 -6.609967 -0.666667
-5.369184 -1.406325 -7.245358 -0.296838 -6.619967 -0.666667
-5.488167 -1.459021 -7.200867 -0.270490 -6.629967 -0.666667
-5.614237 -1.506786 -7.152831 -0.246607 -6.639967 -0.666667
-5.747300 -1.548809 -7.101300 -0.225596 -6.649967 -0.666667
-5.887151 -1.584178 -7.046375 -0.207911 -6.659967 -0.666667
-6.033428 -1.611890 -6.988236 -0.194055 -6.669967 -0.666667
-6.185565 -1.630864 -6.927168 -0.184568 -6.679967 -0.666667
-6.342728 -1.639987 -6.863586 -0.180007 -6.689967 -0.666667
-6.503763 -1.638185 -6.798068 -0.180907 -6.699967 -0.666667
-6.667167 -1.624540 -6.731366 -0.187730 -6.709967 -0.666667
-6.831110 -1.598429 -6.664395 -0.200785 -6.719967 -0.666667
-6.993532 -1.559665 -6.598184 -0.220167 -6.729967 -0.666667
-7.152320 -1.508585 -6.533790 -0.245708 -6.739967 -0.666667
-7.305505 -1.446043 -6.472198 -0.276978 -6.749967 -0.666667
-7.451449 -1.373314 -6.414225 -0.313343 -6.759967 -0.666667
-7.588942 -1.291915 -6.360479 -0.354043 -6.769967 -0.666667
-7.717210 -1.203443 -6.311345 -0.398279 -6.779967 -0.666667
-7.835862 -1.109438 -6.267019 -0.445281 -6.789967 -0.666667
-7.944801 -1.011298 -6.227550 -0.494351 -6.799967 -0.666667
-8.044140 -0.910251 -6.192880 -0.544875 -6.809967 -0.666667
-8.134127 -0.807342 -6.162887 -0.596329 -6.819967 -0.666667
-8.215089 -0.703456 -6.137405 -0.648272 -6.829967 -0.666667
-8.287396 -0.599329 -6.116252 -0.700336 -6.839967 -0.666667
-8.351429 -0.495578 -6.099235 -0.752211 -6.849967 -0.666667
-8.407572 -0.392720 -6.086164 -0.803640 -6.859967 -0.666667
-8.456195 -0.291187 -6.076853 -0.854406 -6.869967 -0.666667
-8.497652 -0.191346 -6.071124 -0.904327 -6.879967 -0.666667
-8.532280 -0.093507 -6.068810 -0.953247 -6.889967 -0.666667
-8.560392 0.002062 -6.069754 -1.001031 -6.899967 -0.666667
-8.582284 0.095129 -6.073808 -1.047564 -6.909967 -0.666667
-8.598232 0.185490 -6.080834 -1.092745 -6.919967 -0.666667
-8.608495 0.272967 -6.090703 -1.136483 -6.929967 -0.666667
-8.613312 0.357398 -6.103294 -1.178699 -6.939967 -0.666667
-8.612912 0.438637 -6.118494 -1.219318 -6.949967 -0.666667
-8.607505 0.516550 -6.136198 -1.258275 -6.959967 -0.666667
-8.597292 0.591012 -6.156304 -1.295506 -6.969967 -0.666667
-8.582461 0.661908 -6.178719 -1.330954 -6.979967 -0.666667
-8.563192 0.729124 -6.203354 -1.364562 -6.989967 -0.666667
-8.539655 0.792554 -6.230123 -1.396277 -6.999967 -0.666667
-8.512011 0.852092 -6.258945 -1.426046 -7.009967 -0.666667
-8.480416 0.907637 -6.289742 -1.453818 -7.019967 -0.666667
-8.445020 0.959084 -6.322440 -1.479542 -7.029967 -0.666667
-8.405968 1.006332 -6.356966 -1.503166 -7.039967 -0.666667
-8.363403 1.049276 -6.393249 -1.524638 -7.049967 -0.666667
-8.317462 1.087810 -6.431219 -1.543905 -7.059967 -0.666667
-8.268282 1.121825 -6.470809 -1.560913 -7.069967 -0.666667
-8.216000 1.151210 -6.511950 -1.575605 -7.079967 -0.666667
-8.160751 1.175846 -6.554575 -1.587923 -7.089967 -0.666667
-8.102673 1.195614 -6.598614 -1.597807 -7.099967 -0.666667
-8.041905 1.210386 -6.643997 -1.605193 -7.109967 -0.666667
-7.978592 1.220028 -6.690654 -1.610014 -7.119967 -0.666667
-7.912881 1.224401 -6.738509 -1.612200 -7.129967 -0.666667
-7.844928 1.223356 -6.787486 -1.611678 -7.139967 -0.666667
-7.774897 1.216736 -6.837501 -1.608368 -7.149967 -0.666667
-7.702963 1.204376 -6.888468 -1.602188 -7.159967 -0.666667
-7.629314 1.186100 -6.940293 -1.593050 -7.169967 -0.666667
-7.554153 1.161721 -6.992873 -1.580860 -7.179967 -0.666667
-7.477705 1.131041 -7.046097 -1.565521 -7.189967 -0.666667
-7.400218 1.093853 -7.099841 -1.546926 -7.199967 -0.666667
-7.321968 1.049934 -7.153966 -1.524967 -7.209967 -0.666667
-7.243268 0.999054 -7.208316 -1.499527 -7.219967 -0.666667
-7.164471 0.940970 -7.262714 -1.470485 -7.229967 -0.666667
-7.085983 0.875434 -7.316958 -1.437717 -7.239967 -0.666667
-7.008270 0.802193 -7.370815 -1.401097 -7.249967 -0.666667
-6.931874 0.721000 -7.424013 -1.360500 -7.259967 -0.666667
-6.857422 0.631619 -7.476239 -1.315809 -7.269967 -0.666667
-6.785649 0.533847 -7.527126 -1.266923 -7.279967 -0.666667
-6.717405 0.427536 -7.576247 -1.213768 -7.289967 -0.666667
-6.653679 0.312626 -7.623111 -1.156313 -7.299967 -0.666667
-6.595597 0.189197 -7.667151 -1.094599 -7.309967 -0.666667
-6.544422 0.057528 -7.707739 -1.028764 -7.319967 -0.666667
-6.501515 -0.081831 -7.744192 -0.959084 -7.329967 -0.666667
-6.468269 -0.227981 -7.775815 -0.886009 -7.339967 -0.666667
-6.445987 -0.379625 -7.801957 -0.810188 -7.349967 -0.666667
-6.435729 -0.535071 -7.822085 -0.732465 -7.359967 -0.666667
-6.438153 -0.692316 -7.835873 -0.653842 -7.369967 -0.666667
-6.453400 -0.849212 -7.843250 -0.575394 -7.379967 -0.666667
-6.481075 -1.003674 -7.844412 -0.498163 -7.389967 -0.666667
-6.520332 -1.153863 -7.839784 -0.423068 -7.399967 -0.666667
-6.570016 -1.298304 -7.829942 -0.350848 -7.409967 -0.666667
-6.628825 -1.435912 -7.815537 -0.282044 -7.419967 -0.666667
-6.695437 -1.565964 -7.797231 -0.217018 -7.429967 -0.666667
-6.768596 -1.688030 -7.775652 -0.155985 -7.439967 -0.666667
-6.847159 -1.801905 -7.751370 -0.099047 -7.449967 -0.666667
-6.930111 -1.907544 -7.724895 -0.046228 -7.459967 -0.666667
-7.016565 -2.005009 -7.696667 0.002505 -7.469967 -0.666667
-7.105753 -2.094435 -7.667073 0.047217 -7.479967 -0.666667
-7.197010 -2.175998 -7.636445 0.087999 -7.489967 -0.666667
-7.289760 -2.249900 -7.605070 0.124950 -7.499967 -0.666667
-7.383504 -2.316354 -7.573198 0.158177 -7.509967 -0.666667
-7.477807 -2.375576 -7.541047 0.187788 -7.519967 -0.666667
-7.572287 -2.427780 -7.508807 0.213890 -7.529967 -0.666667
-7.666606 -2.473174 -7.476647 0.236587 -7.539967 -0.666667
-7.760464 -2.511956 -7.444718 0.255978 -7.549967 -0.666667
-7.853593 -2.544318 -7.413154 0.272159 -7.559967 -0.666667
-7.945747 -2.570441 -7.382076 0.285221 -7.569967 -0.666667
-8.036706 -2.590497 -7.351597 0.295248 -7.579967 -0.666667
-8.126263 -2.604647 -7.321818 0.302323 -7.589967 -0.666667
-8.214231 -2.613044 -7.292835 0.306522 -7.599967 -0.666667
-8.300429 -2.615834 -7.264735 0.307917 -7.609967 -0.666667
-8.384691 -2.613153 -7.237605 0.306577 -7.619967 -0.666667
-8.466854 -2.605132 -7.211523 0.302566 -7.629967 -0.666667
-8.546766 -2.591891 -7.186567 0.295946 -7.639967 -0.666667
-8.624275 -2.573549 -7.162813 0.286775 -7.649967 -0.666667
-8.699234 -2.550217 -7.140333 0.275108 -7.659967 -0.666667
-8.771498 -2.521999 -7.119201 0.261000 -7.669967 -0.666667
-8.840924 -2.489000 -7.099488 0.244500 -7.679967 -0.666667
-8.907365 -2.451316 -7.081268 0.225658 -7.689967 -0.666667
-8.970676 -2.409043 -7.064612 0.204522 -7.699967 -0.666667
-9.030707 -2.362275 -7.049596 0.181137 -7.709967 -0.666667
-9.087308 -2.311101 -7.036296 0.155551 -7.719967 -0.666667
-9.140320 -2.255613 -7.024790 0.127807 -7.729967 -0.666667
-9.189583 -2.195901 -7.015159 0.097951 -7.739967 -0.666667
-9.234927 -2.132056 -7.007487 0.066028 -7.749967 -0.666667
-9.276176 -2.064171 -7.001862 0.032086 -7.759967 -0.666667
-9.313145 -1.992343 -6.998378 -0.003829 -7.769967 -0.666667
-9.345639 -1.916671 -6.997131 -0.041665 -7.779967 -0.666667
-9.373451 -1.837263 -6.998225 -0.081369 -7.789967 -0.666667
-9.396361 -1.754233 -7.001769 -0.122884 -7.799967 -0.666667
-9.414137 -1.667706 -7.007882 -0.166147 -7.809967 -0.666667
-9.426526 -1.577821 -7.016687 -0.211089 -7.819967 -0.666667
-9.433263 -1.484733 -7.028319 -0.257633 -7.829967 -0.666667
-9.434059 -1.388617 -7.042920 -0.305692 -7.839967 -0.666667
-9.428607 -1.289674 -7.060647 -0.355163 -7.849967 -0.666667
-9.416576 -1.188139 -7.081662 -0.405930 -7.859967 -0.666667
-9.397611 -1.084287 -7.106144 -0.457857 -7.869967 -0.666667
-9.371336 -0.978441 -7.134282 -0.510779 -7.879967 -0.666667
-9.337350 -0.870990 -7.166275 -0.564505 -7.889967 -0.666667
-9.295234 -0.762400 -7.202333 -0.618800 -7.899967 -0.666667
-9.244557 -0.653232 -7.242671 -0.673384 -7.909967 -0.666667
-9.184892 -0.544166 -7.287504 -0.727917 -7.919967 -0.666667
-9.115833 -0.436025 -7.337033 -0.781988 -7.929967 -0.666667
-9.037033 -0.329795 -7.391434 -0.835102 -7.939967 -0.666667
-8.948251 -0.226652 -7.450825 -0.886674 -7.949967 -0.666667
-8.849426 -0.127959 -7.515237 -0.936021 -7.959967 -0.666667
-8.740760 -0.035254 -7.584570 -0.982373 -7.969967 -0.666667
-8.622815 0.049819 -7.658543 -1.024910 -7.979967 -0.666667
-8.496583 0.125628 -7.736659 -1.062814 -7.989967 -0.666667
-8.363510 0.190717 -7.818195 -1.095359 -7.999967 -0.666667
-8.225427 0.243985 -7.902237 -1.121992 -8.009967 -0.666667
-8.084393 0.284819 -7.987754 -1.142409 -8.019967 -0.666667
-7.942494 0.313139 -8.073703 -1.156569 -8.029967 -0.666667
-7.801656 0.329338 -8.159122 -1.164669 -8.039967 -0.666667
-7.663516 0.334158 -8.243192 -1.167079 -8.049967 -0.666667
-7.529378 0.328550 -8.325261 -1.164275 -8.059967 -0.666667
-7.400222 0.313554 -8.404839 -1.156777 -8.069967 -0.666667
-7.276749 0.290207 -8.481575 -1.145103 -8.079967 -0.666667
-7.159438 0.259496 -8.555231 -1.129748 -8.089967 -0.666667
-7.048595 0.222330 -8.625652 -1.111165 -8.099967 -0.666667
-6.944400 0.179529 -8.692750 -1.089764 -8.109967 -0.666667
-6.846941 0.131826 -8.756479 -1.065913 -8.119967 -0.666667
-6.756244 0.079875 -8.816828 -1.039937 -8.129967 -0.666667
-6.672288 0.024253 -8.873806 -1.012126 -8.139967 -0.666667
-6.595023 -0.034525 -8.927438 -0.982738 -8.149967 -0.666667
-6.524380 -0.095998 -8.977760 -0.952001 -8.159967 -0.666667
-6.460277 -0.159757 -9.024811 -0.920121 -8.169967 -0.666667
-6.402626 -0.225432 -9.068637 -0.887284 -8.179967 -0.666667
-6.351334 -0.292688 -9.109283 -0.853656 -8.189967 -0.666667
-6.306309 -0.361222 -9.146795 -0.819389 -8.199967 -0.666667
-6.267462 -0.430753 -9.181219 -0.784624 -8.209967 -0.666667
-6.234702 -0.501025 -9.212599 -0.749488 -8.219967 -0.666667
-6.207945 -0.571799 -9.240978 -0.714101 -8.229967 -0.666667
-6.187110 -0.642852 -9.266395 -0.678574 -8.239967 -0.666667
-6.172120 -0.713974 -9.288890 -0.643013 -8.249967 -0.666667
-6.162903 -0.784965 -9.308498 -0.607518 -8.259967 -0.666667
-6.159390 -0.855635 -9.325255 -0.572183 -8.269967 -0.666667
-6.161519 -0.925800 -9.339191 -0.537100 -8.279967 -0.666667
-6.169228 -0.995283 -9.350336 -0.502358 -8.289967 -0.666667
-6.182464 -1.063910 -9.358718 -0.468045 -8.299967 -0.666667
-6.201174 -1.131510 -9.364363 -0.434245 -8.309967 -0.666667
-6.225311 -1.197914 -9.367294 -0.401043 -8.319967 -0.666667
-6.254832 -1.262953 -9.367534 -0.368523 -8.329967 -0.666667
-6.289694 -1.326457 -9.365103 -0.336772 -8.339967 -0.666667
-6.329860 -1.388253 -9.360020 -0.305873 -8.349967 -0.666667
-6.375294 -1.448168 -9.352303 -0.275916 -8.359967 -0.666667
-6.425963 -1.506021 -9.341968 -0.246990 -8.369967 -0.666667
-6.481835 -1.561626 -9.329032 -0.219187 -8.379967 -0.666667
-6.542880 -1.614793 -9.313510 -0.192604 -8.389967 -0.666667
-6.609066 -1.665319 -9.295417 -0.167341 -8.399967 -0.666667
-6.680363 -1.712994 -9.274768 -0.143503 -8.409967 -0.666667
-6.756739 -1.757595 -9.251580 -0.121202 -8.419967 -0.666667
-6.838160 -1.798886 -9.225870 -0.100557 -8.429967 -0.666667
-6.924586 -1.836615 -9.197657 -0.081692 -8.439967 -0.666667
-7.015973 -1.870512 -9.166964 -0.064744 -8.449967 -0.666667
-7.112267 -1.900286 -9.133816 -0.049857 -8.459967 -0.666667
-7.213405 -1.925623 -9.098247 -0.037189 -8.469967 -0.666667
-7.319308 -1.946183 -9.060296 -0.026909 -8.479967 -0.666667
-7.429875 -1.961594 -9.020012 -0.019203 -8.489967 -0.666667
-7.544982 -1.971455 -8.977459 -0.014273 -8.499967 -0.666667
-7.664468 -1.975323 -8.932716 -0.012339 -8.509967 -0.666667
-7.788129 -1.972718 -8.885886 -0.013641 -8.519967 -0.666667
-7.915702 -1.963117 -8.837099 -0.018441 -8.529967 -0.666667
-8.046848 -1.945954 -8.786526 -0.027023 -8.539967 -0.666667
-8.181133 -1.920621 -8.734384 -0.039689 -8.549967 -0.666667
-8.317994 -1.886479 -8.680953 -0.056760 -8.559967 -0.666667
-8.456718 -1.842873 -8.626591 -0.078563 -8.569967 -0.666667
-8.596396 -1.789164 -8.571752 -0.105418 -8.579967 -0.666667
-8.735897 -1.724777 -8.517002 -0.137611 -8.589967 -0.666667
-8.873842 -1.649282 -8.463029 -0.175359 -8.599967 -0.666667
-9.008612 -1.562484 -8.410644 -0.218758 -8.609967 -0.666667
-9.138400 -1.464542 -8.360750 -0.267729 -8.619967 -0.666667
-9.261324 -1.356068 -8.314288 -0.321966 -8.629967 -0.666667
-9.375604 -1.238166 -8.272148 -0.380917 -8.639967 -0.666667
-9.479749 -1.112386 -8.235076 -0.443807 -8.649967 -0.666667
-9.572714 -0.980588 -8.203593 -0.509706 -8.659967 -0.666667
-9.653963 -0.844738 -8.177969 -0.577631 -8.669967 -0.666667
-9.723435 -0.706735 -8.158233 -0.646633 -8.679967 -0.666667
-9.781445 -0.568267 -8.144228 -0.715866 -8.689967 -0.666667
-9.828560 -0.430759 -8.135670 -0.784620 -8.699967 -0.666667
-9.865493 -0.295360 -8.132203 -0.852320 -8.709967 -0.666667
-9.893013 -0.162968 -8.133444 -0.918516 -8.719967 -0.666667
-9.911893 -0.034270 -8.139004 -0.982865 -8.729967 -0.666667
-9.922875 0.090215 -8.148512 -1.045107 -8.739967 -0.666667
-9.926656 0.210103 -8.161622 -1.105052 -8.749967 -0.666667
-9.923874 0.325112 -8.178013 -1.162556 -8.759967 -0.666667
-9.915114 0.435035 -8.197393 -1.217518 -8.769967 -0.666667
-9.900909 0.539727 -8.219496 -1.269863 -8.779967 -0.666667
-9.881740 0.639083 -8.244080 -1.319541 -8.789967 -0.666667
-9.858045 0.733032 -8.270928 -1.366516 -8.799967 -0.666667
-9.830222 0.821527 -8.299839 -1.410764 -8.809967 -0.666667
-9.798637 0.904538 -8.330631 -1.452269 -8.819967 -0.666667
-9.763622 0.982046 -8.363139 -1.491023 -8.829967 -0.666667
-9.725485 1.054045 -8.397208 -1.527022 -8.839967 -0.666667
-9.684508 1.120530 -8.432696 -1.560265 -8.849967 -0.666667
-9.640956 1.181502 -8.469472 -1.590751 -8.859967 -0.666667
-9.595074 1.236966 -8.507413 -1.618483 -8.869967 -0.666667
-9.547095 1.286924 -8.546403 -1.643462 -8.879967 -0.666667
-9.497236 1.331382 -8.586332 -1.665691 -8.889967 -0.666667
-9.445705 1.370341 -8.627097 -1.685170 -8.899967 -0.666667
-9.392701 1.403803 -8.668599 -1.701902 -8.909967 -0.666667
-9.338415 1.431769 -8.710742 -1.715884 -8.919967 -0.666667
-9.283032 1.454234 -8.753434 -1.727117 -8.929967 -0.666667
-9.226732 1.471194 -8.796584 -1.735597 -8.939967 -0.666667
-9.169692 1.482640 -8.840104 -1.741320 -8.949967 -0.666667
-9.112088 1.488559 -8.883906 -1.744280 -8.959967 -0.666667
-9.054092 1.488939 -8.927904 -1.744469 -8.969967 -0.666667
-8.995879 1.483759 -8.972010 -1.741880 -8.979967 -0.666667
-8.937626 1.473000 -9.016137 -1.736500 -8.989967 -0.666667
-8.879510 1.456635 -9.060195 -1.728317 -8.999967 -0.666667
-8.821714 1.434636 -9.104093 -1.717318 -9.009967 -0.666667
-8.764426 1.406972 -9.147737 -1.703486 -9.019967 -0.666667
-8.707841 1.373607 -9.191029 -1.686804 -9.029967 -0.666667
-8.652163 1.334504 -9.233868 -1.667252 -9.039967 -0.666667
-8.597607 1.289620 -9.276147 -1.644810 -9.049967 -0.666667
-8.544397 1.238914 -9.317751 -1.619457 -9.059967 -0.666667
-8.492777 1.182340 -9.358561 -1.591170 -9.069967 -0.666667
-8.443005 1.119853 -9.398448 -1.559926 -9.079967 -0.666667
-8.395359 1.051406 -9.437270 -1.525703 -9.089967 -0.666667
-8.350143 0.976956 -9.474879 -1.488478 -9.099967 -0.666667
-8.307686 0.896463 -9.511107 -1.448232 -9.109967 -0.666667
-8.268351 0.809896 -9.545775 -1.404948 -9.119967 -0.666667
-8.232537 0.717231 -9.578682 -1.358615 -9.129967 -0.666667
-8.200685 0.618464 -9.609607 -1.309232 -9.139967 -0.666667
-8.173286 0.513613 -9.638307 -1.256806 -9.149967 -0.666667
-8.150887 0.402731 -9.664507 -1.201366 -9.159967 -0.666667
-8.134094 0.285919 -9.687903 -1.142960 -9.169967 -0.666667
-8.123583 0.163343 -9.708158 -1.081671 -9.179967 -0.666667
-8.120103 0.035258 -9.724899 -1.017629 -9.189967 -0.666667
-8.124468 -0.097959 -9.737716 -0.951021 -9.199967 -0.666667
-8.137556 -0.235768 -9.746172 -0.882116 -9.209967 -0.666667
-8.160278 -0.377428 -9.749811 -0.811286 -9.219967 -0.666667
-8.193531 -0.521940 -9.748184 -0.739030 -9.229967 -0.666667
-8.238125 -0.668011 -9.740887 -0.665995 -9.239967 -0.666667
-8.294670 -0.814043 -9.727615 -0.592979 -9.249967 -0.666667
-8.363445 -0.958168 -9.708227 -0.520916 -9.259967 -0.666667
-8.444282 -1.098357 -9.682809 -0.450821 -9.269967 -0.666667
-8.536490 -1.232598 -9.651705 -0.383701 -9.279967 -0.666667
-8.638885 -1.359093 -9.615507 -0.320453 -9.289967 -0.666667
-8.749914 -1.476431 -9.574993 -0.261785 -9.299967 -0.666667
-8.867830 -1.583667 -9.531035 -0.208167 -9.309967 -0.666667
-8.990876 -1.680317 -9.484512 -0.159841 -9.319967 -0.666667
-9.117416 -1.766282 -9.436242 -0.116859 -9.329967 -0.666667
-9.246008 -1.841741 -9.386946 -0.079129 -9.339967 -0.666667
-9.375429 -1.907062 -9.337236 -0.046469 -9.349967 -0.666667
-9.504667 -1.962717 -9.287617 -0.018641 -9.359967 -0.666667
-9.632897 -2.009228 -9.238501 0.004614 -9.369967 -0.666667
-9.759452 -2.047130 -9.190224 0.023565 -9.379967 -0.666667
-9.883795 -2.076948 -9.143053 0.038474 -9.389967 -0.666667
-10.005489 -2.099183 -9.097205 0.049592 -9.399967 -0.666667
-10.124186 -2.114309 -9.052857 0.057155 -9.409967 -0.666667
-10.239597 -2.122766 -9.010152 0.061383 -9.419967 -0.666667
-10.351489 -2.124962 -8.969206 0.062481 -9.429967 -0.666667
-10.459667 -2.121275 -8.930116 0.060637 -9.439967 -0.666667
-10.563971 -2.112054 -8.892965 0.056027 -9.449967 -0.666667
-10.664261 -2.097623 -8.857820 0.048812 -9.459967 -0.666667
-10.760421 -2.078282 -8.824739 0.039141 -9.469967 -0.666667
-10.852349 -2.054307 -8.793775 0.027154 -9.479967 -0.666667
-10.939954 -2.025960 -8.764973 0.012980 -9.489967 -0.666667
-11.023155 -1.993482 -8.738373 -0.003259 -9.499967 -0.666667
-11.101876 -1.957102 -8.714012 -0.021449 -9.509967 -0.666667
-11.176049 -1.917032 -8.691925 -0.041484 -9.519967 -0.666667
-11.245607 -1.873478 -8.672146 -0.063261 -9.529967 -0.666667
-11.310486 -1.826631 -8.654707 -0.086684 -9.539967 -0.666667
-11.370623 -1.776677 -8.639638 -0.111662 -9.549967 -0.666667
-11.425955 -1.723793 -8.626973 -0.138104 -9.559967 -0.666667
-11.476418 -1.668150 -8.616741 -0.165925 -9.569967 -0.666667
-11.521948 -1.609916 -8.608976 -0.195042 -9.579967 -0.666667
-11.562478 -1.549253 -8.603711 -0.225374 -9.589967 -0.666667
-11.597939 -1.486321 -8.600981 -0.256839 -9.599967 -0.666667
-11.628258 -1.421281 -8.600821 -0.289359 -9.609967 -0.666667
-11.653361 -1.354291 -8.603269 -0.322855 -9.619967 -0.666667
-11.673168 -1.285510 -8.608366 -0.357245 -9.629967 -0.666667
-11.687595 -1.215099 -8.616152 -0.392450 -9.639967 -0.666667
-11.696553 -1.143225 -8.626673 -0.428388 -9.649967 -0.666667
-11.699949 -1.070056 -8.639975 -0.464972 -9.659967 -0.666667
-11.697683 -0.995768 -8.656108 -0.502116 -9.669967 -0.666667
-11.689651 -0.920545 -8.675124 -0.539727 -9.679967 -0.666667
-11.675741 -0.844581 -8.697079 -0.577710 -9.689967 -0.666667
-11.655836 -0.768081 -8.722032 -0.615960 -9.699967 -0.666667
-11.629811 -0.691264 -8.750045 -0.654368 -9.709967 -0.666667
-11.597536 -0.614370 -8.781182 -0.692815 -9.719967 -0.666667
-11.558874 -0.537656 -8.815513 -0.731172 -9.729967 -0.666667
-11.513683 -0.461404 -8.853109 -0.769298 -9.739967 -0.666667
-11.461816 -0.385928 -8.894042 -0.807036 -9.749967 -0.666667
-11.403122 -0.311575 -8.938389 -0.844212 -9.759967 -0.666667
-11.337451 -0.238734 -8.986224 -0.880633 -9.769967 -0.666667
-11.264657 -0.167843 -9.037622 -0.916079 -9.779967 -0.666667
-11.184601 -0.099397 -9.092649 -0.950301 -9.789967 -0.666667
-11.097165 -0.033961 -9.151367 -0.983019 -9.799967 -0.666667
-11.002260 0.027822 -9.213820 -1.013911 -9.809967 -0.666667
-10.899846 0.085220 -9.280027 -1.042610 -9.819967 -0.666667
-10.789957 0.137398 -9.349971 -1.068699 -9.829967 -0.666667
-10.672734 0.183413 -9.423583 -1.091707 -9.839967 -0.666667
-10.548472 0.222218 -9.500714 -1.111109 -9.849967 -0.666667
-10.417674 0.252671 -9.581113 -1.126336 -9.859967 -0.666667
-10.281116 0.273585 -9.664392 -1.136793 -9.869967 -0.666667
-10.139903 0.283797 -9.749998 -1.141898 -9.879967 -0.666667
-9.995508 0.282285 -9.837196 -1.141143 -9.889967 -0.666667
-9.849744 0.268320 -9.925078 -1.134160 -9.899967 -0.666667
-9.704675 0.241602 -10.012612 -1.120801 -9.909967 -0.666667
-9.562435 0.202358 -10.098732 -1.101179 -9.919967 -0.666667
-9.425028 0.151341 -10.182436 -1.075671 -9.929967 -0.666667
-9.294141 0.089724 -10.262879 -1.044862 -9.939967 -0.666667
-9.171053 0.018938 -10.339424 -1.009469 -9.949967 -0.666667
-9.056614 -0.059493 -10.411643 -0.970253 -9.959967 -0.666667
-8.951300 -0.144085 -10.479300 -0.927958 -9.969967 -0.666667
-8.855295 -0.233474 -10.542302 -0.883263 -9.979967 -0.666667
-8.768570 -0.326456 -10.600665 -0.836772 -9.989967 -0.666667
-8.690955 -0.421990 -10.654473 -0.789005 -9.999967 -0.666667
