2.002962 -0.068453 -1.016431 -0.965773 -0.009967 -0.666667
1.951797 -0.153222 -1.005848 -0.923389 -0.019967 -0.666667
1.847514 -0.251822 -0.968707 -0.874089 -0.029967 -0.666667
1.692653 -0.361598 -0.906276 -0.819201 -0.039967 -0.666667
1.491116 -0.479593 -0.820508 -0.760204 -0.049967 -0.666667
1.248064 -0.602627 -0.713982 -0.698687 -0.059967 -0.666667
0.969774 -0.727386 -0.589837 -0.636307 -0.069967 -0.666667
0.663475 -0.850509 -0.451687 -0.574745 -0.079967 -0.666667
0.337148 -0.968680 -0.303524 -0.515660 -0.089967 -0.666667
-0.000686 -1.078715 -0.149607 -0.460643 -0.099967 -0.666667
-0.341194 -1.177649 0.005647 -0.411175 -0.109967 -0.666667
-0.675473 -1.262819 0.157787 -0.368591 -0.119967 -0.666667
-0.994787 -1.331928 0.302444 -0.334036 -0.129967 -0.666667
-1.290803 -1.383115 0.435452 -0.308442 -0.139967 -0.666667
-1.555817 -1.415002 0.552958 -0.292499 -0.149967 -0.666667
-1.782958 -1.426729 0.651529 -0.286635 -0.159967 -0.666667
-1.966377 -1.417981 0.728238 -0.291010 -0.169967 -0.666667
-2.101401 -1.388992 0.780751 -0.305504 -0.179967 -0.666667
-2.184664 -1.340545 0.807382 -0.329727 -0.189967 -0.666667
-2.214191 -1.273944 0.807145 -0.363028 -0.199967 -0.666667
-2.189456 -1.190984 0.779778 -0.404508 -0.209967 -0.666667
-2.111395 -1.093898 0.725747 -0.453051 -0.219967 -0.666667
-1.982380 -0.985303 0.646240 -0.507348 -0.229967 -0.666667
-1.806156 -0.868125 0.543128 -0.565938 -0.239967 -0.666667
-1.587740 -0.745519 0.418920 -0.627240 -0.249967 -0.666667
-1.333286 -0.620789 0.276693 -0.689605 -0.259967 -0.666667
-1.049917 -0.497295 0.120009 -0.751352 -0.269967 -0.666667
-0.745537 -0.378364 -0.047181 -0.810818 -0.279967 -0.666667
-0.428615 -0.267199 -0.220643 -0.866400 -0.289967 -0.666667
-0.107957 -0.166796 -0.395971 -0.916602 -0.299967 -0.666667
0.207528 -0.079859 -0.568714 -0.960071 -0.309967 -0.666667
0.509071 -0.008730 -0.734486 -0.995635 -0.319967 -0.666667
0.788282 0.044674 -0.889091 -1.022337 -0.329967 -0.666667
1.037367 0.078916 -1.028633 -1.039458 -0.339967 -0.666667
1.249348 0.093072 -1.149624 -1.046536 -0.349967 -0.666667
1.418244 0.086761 -1.249072 -1.043381 -0.359967 -0.666667
1.539237 0.060153 -1.324569 -1.030077 -0.369967 -0.666667
1.608797 0.013966 -1.374349 -1.006983 -0.379967 -0.666667
1.624781 -0.050558 -1.397341 -0.974721 -0.389967 -0.666667
1.586490 -0.131679 -1.393195 -0.934161 -0.399967 -0.666667
1.494684 -0.227212 -1.362292 -0.886394 -0.409967 -0.666667
1.351569 -0.334584 -1.305734 -0.832708 -0.419967 -0.666667
1.160729 -0.450902 -1.225315 -0.774549 -0.429967 -0.666667
0.927038 -0.573032 -1.123469 -0.713484 -0.439967 -0.666667
0.656520 -0.697685 -1.003210 -0.651158 -0.449967 -0.666667
0.356194 -0.821502 -0.868047 -0.589249 -0.459967 -0.666667
0.033881 -0.941148 -0.721891 -0.529426 -0.469967 -0.666667
-0.302004 -1.053400 -0.568948 -0.473300 -0.479967 -0.666667
-0.642685 -1.155234 -0.413608 -0.422383 -0.489967 -0.666667
-0.979251 -1.243905 -0.260325 -0.378047 -0.499967 -0.666667
-1.302905 -1.317027 -0.113498 -0.341487 -0.509967 -0.666667
-1.605198 -1.372628 0.022649 -0.313686 -0.519967 -0.666667
-1.878256 -1.409211 0.144178 -0.295395 -0.529967 -0.666667
-2.114992 -1.425790 0.247546 -0.287105 -0.539967 -0.666667
-2.309297 -1.421920 0.329699 -0.289040 -0.549967 -0.666667
-2.456208 -1.397703 0.388154 -0.301149 -0.559967 -0.666667
-2.552035 -1.353792 0.421068 -0.323104 -0.569967 -0.666667
-2.594467 -1.291371 0.427283 -0.354314 -0.579967 -0.666667
-2.582629 -1.212121 0.406365 -0.393940 -0.589967 -0.666667
-2.517111 -1.118176 0.358605 -0.440912 -0.599967 -0.666667
-2.399945 -1.012069 0.285023 -0.493966 -0.609967 -0.666667
-2.234560 -0.896656 0.187330 -0.551672 -0.619967 -0.666667
-2.025678 -0.775048 0.067889 -0.612476 -0.629967 -0.666667
-1.779196 -0.650519 -0.070352 -0.674740 -0.639967 -0.666667
-1.502025 -0.526426 -0.223938 -0.736787 -0.649967 -0.666667
-1.201899 -0.406111 -0.389000 -0.796944 -0.659967 -0.666667
-0.887175 -0.292815 -0.561363 -0.853592 -0.669967 -0.666667
-0.566599 -0.189591 -0.736651 -0.905205 -0.679967 -0.666667
-0.249077 -0.099218 -0.910412 -0.950391 -0.689967 -0.666667
0.056568 -0.024132 -1.078234 -0.987934 -0.699967 -0.666667
0.341832 0.033644 -1.235866 -1.016822 -0.709967 -0.666667
0.598762 0.072555 -1.379331 -1.036277 -0.719967 -0.666667
0.820165 0.091551 -1.505033 -1.045776 -0.729967 -0.666667
0.999810 0.090122 -1.609855 -1.045061 -0.739967 -0.666667
1.132586 0.068305 -1.691243 -1.034153 -0.749967 -0.666667
1.214647 0.026689 -1.747274 -1.013344 -0.759967 -0.666667
1.243514 -0.033606 -1.776707 -0.983197 -0.769967 -0.666667
1.218139 -0.110955 -1.779019 -0.944522 -0.779967 -0.666667
1.138936 -0.203275 -1.754418 -0.898363 -0.789967 -0.666667
1.007770 -0.308078 -1.703835 -0.845961 -0.799967 -0.666667
0.827905 -0.422541 -1.628902 -0.788729 -0.809967 -0.666667
0.603916 -0.543581 -1.531908 -0.728210 -0.819967 -0.666667
0.341570 -0.667937 -1.415735 -0.666032 -0.829967 -0.666667
0.047662 -0.792258 -1.283781 -0.603871 -0.839967 -0.666667
-0.270157 -0.913196 -1.139872 -0.543402 -0.849967 -0.666667
-0.603596 -1.027493 -0.988152 -0.486254 -0.859967 -0.666667
-0.943941 -1.132069 -0.832979 -0.433965 -0.869967 -0.666667
-1.282294 -1.224108 -0.678803 -0.387946 -0.879967 -0.666667
-1.609808 -1.301129 -0.530046 -0.349435 -0.889967 -0.666667
-1.917930 -1.361059 -0.390985 -0.319470 -0.899967 -0.666667
-2.198629 -1.402282 -0.265636 -0.298859 -0.909967 -0.666667
-2.444612 -1.423688 -0.157644 -0.288156 -0.919967 -0.666667
-2.649522 -1.424701 -0.070189 -0.287650 -0.929967 -0.666667
-2.808109 -1.405293 -0.005896 -0.297354 -0.939967 -0.666667
-2.916369 -1.365986 0.033235 -0.317007 -0.949967 -0.666667
-2.971656 -1.307841 0.045878 -0.346080 -0.959967 -0.666667
-2.972749 -1.232422 0.031425 -0.383789 -0.969967 -0.666667
-2.919889 -1.141763 -0.010006 -0.429119 -0.979967 -0.666667
-2.814768 -1.038305 -0.077566 -0.480848 -0.989967 -0.666667
-2.660489 -0.924835 -0.169706 -0.537583 -0.999967 -0.666667
-2.461476 -0.804410 -0.284212 -0.597795 -1.009967 -0.666667
-2.223361 -0.680274 -0.418270 -0.659863 -1.019967 -0.666667
-1.952827 -0.555772 -0.568537 -0.722114 -1.029967 -0.666667
-1.657432 -0.434258 -0.731234 -0.782871 -1.039967 -0.666667
-1.345402 -0.319004 -0.902249 -0.840498 -1.049967 -0.666667
-1.025414 -0.213116 -1.077243 -0.893442 -1.059967 -0.666667
-0.706357 -0.119447 -1.251772 -0.940277 -1.069967 -0.666667
-0.397095 -0.040519 -1.421403 -0.979741 -1.079967 -0.666667
-0.106229 0.021541 -1.581835 -1.010771 -1.089967 -0.666667
0.158135 0.065061 -1.729018 -1.032531 -1.099967 -0.666667
0.388608 0.088869 -1.859254 -1.044434 -1.109967 -0.666667
0.578709 0.092323 -1.969305 -1.046162 -1.119967 -0.666667
0.723050 0.075331 -2.056475 -1.037665 -1.129967 -0.666667
0.817471 0.038349 -2.118686 -1.019175 -1.139967 -0.666667
0.859161 -0.017625 -2.154530 -0.991188 -1.149967 -0.666667
0.846726 -0.091084 -2.163313 -0.954458 -1.159967 -0.666667
0.780232 -0.180048 -2.145066 -0.909976 -1.169967 -0.666667
0.661201 -0.282122 -2.100550 -0.858939 -1.179967 -0.666667
0.492570 -0.394555 -2.031235 -0.802723 -1.189967 -0.666667
0.278613 -0.514319 -1.939257 -0.742841 -1.199967 -0.666667
0.024824 -0.638186 -1.827362 -0.680907 -1.209967 -0.666667
-0.262229 -0.762821 -1.698835 -0.618589 -1.219967 -0.666667
-0.575083 -0.884866 -1.557408 -0.557567 -1.229967 -0.666667
-0.905580 -1.001032 -1.407160 -0.499484 -1.239967 -0.666667
-1.245084 -1.108191 -1.252408 -0.445904 -1.249967 -0.666667
-1.584720 -1.203456 -1.097590 -0.398272 -1.259967 -0.666667
-1.915607 -1.284260 -0.947146 -0.357870 -1.269967 -0.666667
-2.229102 -1.348426 -0.805399 -0.325787 -1.279967 -0.666667
-2.517027 -1.394226 -0.676437 -0.302887 -1.289967 -0.666667
-2.771896 -1.420426 -0.564002 -0.289787 -1.299967 -0.666667
-2.987112 -1.426321 -0.471394 -0.286840 -1.309967 -0.666667
-3.157147 -1.411751 -0.401376 -0.294125 -1.319967 -0.666667
-3.277690 -1.377109 -0.356105 -0.311446 -1.329967 -0.666667
-3.345762 -1.323328 -0.337069 -0.338336 -1.339967 -0.666667
-3.359800 -1.251857 -0.345050 -0.374072 -1.349967 -0.666667
-3.319694 -1.164621 -0.380103 -0.417689 -1.359967 -0.666667
-3.226795 -1.063971 -0.441553 -0.468015 -1.369967 -0.666667
-3.083874 -0.952618 -0.528013 -0.523691 -1.379967 -0.666667
-2.895050 -0.833561 -0.637425 -0.583219 -1.389967 -0.666667
-2.665681 -0.710009 -0.767109 -0.644996 -1.399967 -0.666667
-2.402215 -0.585288 -0.913843 -0.707356 -1.409967 -0.666667
-2.112017 -0.462761 -1.073941 -0.768620 -1.419967 -0.666667
-1.803177 -0.345726 -1.243362 -0.827137 -1.429967 -0.666667
-1.484282 -0.237337 -1.417809 -0.881332 -1.439967 -0.666667
-1.164194 -0.140514 -1.592853 -0.929743 -1.449967 -0.666667
-0.851804 -0.057865 -1.764048 -0.971068 -1.459967 -0.666667
-0.555798 0.008383 -1.927051 -1.004192 -1.469967 -0.666667
-0.284419 0.056446 -2.077741 -1.028223 -1.479967 -0.666667
-0.045247 0.085029 -2.212327 -1.042514 -1.489967 -0.666667
0.155006 0.093361 -2.327453 -1.046681 -1.499967 -0.666667
0.310674 0.081219 -2.420287 -1.040609 -1.509967 -0.666667
0.417296 0.048929 -2.488598 -1.024465 -1.519967 -0.666667
0.471729 -0.002638 -2.530815 -0.998681 -1.529967 -0.666667
0.472238 -0.072094 -2.546069 -0.963953 -1.539967 -0.666667
0.418539 -0.157567 -2.534220 -0.921216 -1.549967 -0.666667
0.311811 -0.256755 -2.495855 -0.871622 -1.559967 -0.666667
0.154658 -0.366986 -2.432279 -0.816507 -1.569967 -0.666667
-0.048956 -0.485290 -2.345472 -0.757355 -1.579967 -0.666667
-0.293813 -0.608480 -2.238043 -0.695760 -1.589967 -0.666667
-0.573589 -0.733237 -2.113156 -0.633381 -1.599967 -0.666667
-0.881014 -0.856202 -1.974443 -0.571899 -1.609967 -0.666667
-1.208076 -0.974060 -1.825912 -0.512970 -1.619967 -0.666667
-1.546235 -1.083637 -1.671833 -0.458181 -1.629967 -0.666667
-1.886649 -1.181982 -1.516625 -0.409009 -1.639967 -0.666667
-2.220418 -1.266444 -1.364741 -0.366778 -1.649967 -0.666667
-2.538819 -1.334748 -1.220540 -0.332626 -1.659967 -0.666667
-2.833545 -1.385055 -1.088178 -0.307472 -1.669967 -0.666667
-3.096924 -1.416009 -0.971488 -0.291995 -1.679967 -0.666667
-3.322132 -1.426777 -0.873884 -0.286612 -1.689967 -0.666667
-3.503370 -1.417067 -0.798265 -0.291466 -1.699967 -0.666667
-3.636026 -1.387142 -0.746937 -0.306429 -1.709967 -0.666667
-3.716795 -1.337808 -0.721552 -0.331096 -1.719967 -0.666667
-3.743771 -1.270394 -0.723064 -0.364803 -1.729967 -0.666667
-3.716497 -1.186716 -0.751702 -0.406642 -1.739967 -0.666667
-3.635976 -1.089029 -0.806962 -0.455486 -1.749967 -0.666667
-3.504647 -0.979963 -0.887626 -0.510019 -1.759967 -0.666667
-3.326318 -0.862457 -0.991791 -0.568772 -1.769967 -0.666667
-3.106062 -0.739676 -1.116919 -0.630162 -1.779967 -0.666667
-2.850082 -0.614929 -1.259909 -0.692535 -1.789967 -0.666667
-2.565543 -0.491576 -1.417179 -0.754212 -1.799967 -0.666667
-2.260380 -0.372939 -1.584760 -0.813530 -1.809967 -0.666667
-1.943083 -0.262215 -1.758409 -0.868892 -1.819967 -0.666667
-1.622469 -0.162387 -1.933715 -0.918806 -1.829967 -0.666667
-1.307445 -0.076144 -2.106227 -0.961928 -1.839967 -0.666667
-1.006767 -0.005809 -2.271566 -0.997095 -1.849967 -0.666667
-0.728805 0.046723 -2.425548 -1.023361 -1.859967 -0.666667
-0.481314 0.080037 -2.564293 -1.040018 -1.869967 -0.666667
-0.271234 0.093235 -2.684333 -1.046617 -1.879967 -0.666667
-0.104491 0.085961 -2.782704 -1.042981 -1.889967 -0.666667
0.014152 0.058413 -2.857026 -1.029206 -1.899967 -0.666667
0.081230 0.011331 -2.905565 -1.005666 -1.909967 -0.666667
0.094667 -0.054015 -2.927283 -0.972992 -1.919967 -0.666667
0.053831 -0.135866 -2.921865 -0.932067 -1.929967 -0.666667
-0.040448 -0.232016 -2.889726 -0.883992 -1.939967 -0.666667
-0.185898 -0.339876 -2.832001 -0.830062 -1.949967 -0.666667
-0.378871 -0.456539 -2.750515 -0.771731 -1.959967 -0.666667
-0.614437 -0.578862 -2.647731 -0.710569 -1.969967 -0.666667
-0.886521 -0.703551 -2.526690 -0.648224 -1.979967 -0.666667
-1.188061 -0.827247 -2.390920 -0.586377 -1.989967 -0.666667
-1.511204 -0.946616 -2.244348 -0.526692 -1.999967 -0.666667
-1.847514 -1.058444 -2.091193 -0.470778 -2.009967 -0.666667
-2.188200 -1.159718 -1.935850 -0.420141 -2.019967 -0.666667
-2.524354 -1.247709 -1.782773 -0.376146 -2.029967 -0.666667
-2.847190 -1.320047 -1.636355 -0.339977 -2.039967 -0.666667
-3.148280 -1.374784 -1.500810 -0.312608 -2.049967 -0.666667
-3.419781 -1.410444 -1.380059 -0.294778 -2.059967 -0.666667
-3.654651 -1.426068 -1.277625 -0.286966 -2.069967 -0.666667
-3.846830 -1.421234 -1.196535 -0.289383 -2.079967 -0.666667
-3.991411 -1.396072 -1.139244 -0.301964 -2.089967 -0.666667
-4.084769 -1.351261 -1.107566 -0.324370 -2.099967 -0.666667
-4.124657 -1.288007 -1.102622 -0.355996 -2.109967 -0.666667
-4.110271 -1.208015 -1.124815 -0.395993 -2.119967 -0.666667
-4.042267 -1.113439 -1.173816 -0.443281 -2.129967 -0.666667
-3.922748 -1.006827 -1.248576 -0.496586 -2.139967 -0.666667
-3.755201 -0.891052 -1.347349 -0.554474 -2.149967 -0.666667
-3.544411 -0.769232 -1.467745 -0.615384 -2.159967 -0.666667
-3.296325 -0.644649 -1.606788 -0.677675 -2.169967 -0.666667
-3.017895 -0.520659 -1.761002 -0.739670 -2.179967 -0.666667
-2.716892 -0.400603 -1.926504 -0.799699 -2.189967 -0.666667
-2.401694 -0.287714 -2.099103 -0.856143 -2.199967 -0.666667
-2.081062 -0.185033 -2.274419 -0.907483 -2.209967 -0.666667
-1.763903 -0.095328 -2.447999 -0.952336 -2.219967 -0.666667
-1.459029 -0.021014 -2.615436 -0.989493 -2.229967 -0.666667
-1.174924 0.035907 -2.772488 -1.017953 -2.239967 -0.666667
-0.919510 0.073900 -2.915195 -1.036950 -2.249967 -0.666667
-0.699938 0.091944 -3.039981 -1.045972 -2.259967 -0.666667
-0.522392 0.089550 -3.143754 -1.044775 -2.269967 -0.666667
-0.391925 0.066785 -3.223987 -1.033393 -2.279967 -0.666667
-0.312320 0.024262 -3.278790 -1.012131 -2.289967 -0.666667
-0.285992 -0.036875 -3.306954 -0.981562 -2.299967 -0.666667
-0.313918 -0.114978 -3.307991 -0.942511 -2.309967 -0.666667
-0.395617 -0.207944 -3.282141 -0.896028 -2.319967 -0.666667
-0.529156 -0.313266 -3.230372 -0.843367 -2.329967 -0.666667
-0.711208 -0.428110 -3.154346 -0.785945 -2.339967 -0.666667
-0.937138 -0.549379 -3.056381 -0.725310 -2.349967 -0.666667
-1.201128 -0.673809 -2.939386 -0.663096 -2.359967 -0.666667
-1.496337 -0.798046 -2.806782 -0.600977 -2.369967 -0.666667
-1.815080 -0.918743 -2.662410 -0.540628 -2.379967 -0.666667
-2.149041 -1.032650 -2.510429 -0.483675 -2.389967 -0.666667
-2.489493 -1.136698 -2.355203 -0.431651 -2.399967 -0.666667
-2.827533 -1.228083 -2.201184 -0.385958 -2.409967 -0.666667
-3.154324 -1.304344 -2.052788 -0.347828 -2.419967 -0.666667
-3.461331 -1.363427 -1.914284 -0.318287 -2.429967 -0.666667
-3.740555 -1.403739 -1.789673 -0.298130 -2.439967 -0.666667
-3.984741 -1.424195 -1.682579 -0.287902 -2.449967 -0.666667
-4.187582 -1.424244 -1.596159 -0.287878 -2.459967 -0.666667
-4.343882 -1.403884 -1.533009 -0.298058 -2.469967 -0.666667
-4.449700 -1.363664 -1.495100 -0.318168 -2.479967 -0.666667
-4.502455 -1.304668 -1.483723 -0.347666 -2.489967 -0.666667
-4.500995 -1.228484 -1.499453 -0.385758 -2.499967 -0.666667
-4.445628 -1.137165 -1.542136 -0.431418 -2.509967 -0.666667
-4.338116 -1.033171 -1.610892 -0.483414 -2.519967 -0.666667
-4.181625 -0.919304 -1.704138 -0.540348 -2.529967 -0.666667
-3.980638 -0.798631 -1.819631 -0.600685 -2.539967 -0.666667
-3.740842 -0.674403 -1.954529 -0.662799 -2.549967 -0.666667
-3.468963 -0.549966 -2.105468 -0.725017 -2.559967 -0.666667
-3.172597 -0.428674 -2.268651 -0.785663 -2.569967 -0.666667
-2.859997 -0.313793 -2.439952 -0.843104 -2.579967 -0.666667
-2.539853 -0.208417 -2.615024 -0.895791 -2.589967 -0.666667
-2.221059 -0.115387 -2.789421 -0.942306 -2.599967 -0.666667
-1.912472 -0.037208 -2.958714 -0.981396 -2.609967 -0.666667
-1.622675 0.024014 -3.118612 -1.012007 -2.619967 -0.666667
-1.359745 0.066629 -3.265078 -1.033315 -2.629967 -0.666667
-1.131034 0.089490 -3.394433 -1.044745 -2.639967 -0.666667
-0.942972 0.091981 -3.503464 -1.045990 -2.649967 -0.666667
-0.800895 0.074034 -3.589502 -1.037017 -2.659967 -0.666667
-0.708901 0.036133 -3.650500 -1.018067 -2.669967 -0.666667
-0.669736 -0.020701 -3.685082 -0.989650 -2.679967 -0.666667
-0.684726 -0.094936 -3.692587 -0.952532 -2.689967 -0.666667
-0.753735 -0.184574 -3.673082 -0.907713 -2.699967 -0.666667
-0.875174 -0.287199 -3.627363 -0.856401 -2.709967 -0.666667
-1.046042 -0.400046 -3.556929 -0.799977 -2.719967 -0.666667
-1.262004 -0.520076 -3.463948 -0.739962 -2.729967 -0.666667
-1.517512 -0.644055 -3.351194 -0.677972 -2.739967 -0.666667
-1.805952 -0.768643 -3.221974 -0.615678 -2.749967 -0.666667
-2.119823 -0.890484 -3.080039 -0.554758 -2.759967 -0.666667
-2.450939 -1.006296 -2.929481 -0.496852 -2.769967 -0.666667
-2.790649 -1.112958 -2.774626 -0.443521 -2.779967 -0.666667
-3.130072 -1.207598 -2.619914 -0.396201 -2.789967 -0.666667
-3.460332 -1.287665 -2.469784 -0.356168 -2.799967 -0.666667
-3.772803 -1.351002 -2.328549 -0.324499 -2.809967 -0.666667
-4.059335 -1.395905 -2.200282 -0.302048 -2.819967 -0.666667
-4.312480 -1.421162 -2.088710 -0.289419 -2.829967 -0.666667
-4.525687 -1.426093 -1.997107 -0.286953 -2.839967 -0.666667
-4.693482 -1.410566 -1.928209 -0.294717 -2.849967 -0.666667
-4.811614 -1.374999 -1.884143 -0.312500 -2.859967 -0.666667
-4.877169 -1.320350 -1.866365 -0.339825 -2.869967 -0.666667
-4.888652 -1.248092 -1.875624 -0.375954 -2.879967 -0.666667
-4.846023 -1.160170 -1.911939 -0.419915 -2.889967 -0.666667
-4.750699 -1.058953 -1.974601 -0.470524 -2.899967 -0.666667
-4.605517 -0.947168 -2.062192 -0.526416 -2.909967 -0.666667
-4.414658 -0.827827 -2.172621 -0.586086 -2.919967 -0.666667
-4.183534 -0.704145 -2.303183 -0.647928 -2.929967 -0.666667
-3.918639 -0.579452 -2.450631 -0.710274 -2.939967 -0.666667
-3.627379 -0.457110 -2.611260 -0.771445 -2.949967 -0.666667
-3.317870 -0.340412 -2.781015 -0.829794 -2.959967 -0.666667
-2.998720 -0.232504 -2.955590 -0.883748 -2.969967 -0.666667
-2.678795 -0.136292 -3.130552 -0.931854 -2.979967 -0.666667
-2.366984 -0.054367 -3.301458 -0.972816 -2.989967 -0.666667
-2.071955 0.011062 -3.463973 -1.005531 -2.999967 -0.666667
-1.801926 0.058234 -3.613987 -1.029117 -3.009967 -0.666667
-1.564441 0.085878 -3.747730 -1.042939 -3.019967 -0.666667
-1.366167 0.093248 -3.861867 -1.046624 -3.029967 -0.666667
-1.212714 0.080147 -3.953593 -1.040074 -3.039967 -0.666667
-1.108487 0.046928 -4.020707 -1.023464 -3.049967 -0.666667
-1.056561 -0.005516 -4.061670 -0.997242 -3.059967 -0.666667
-1.058606 -0.075770 -4.075647 -0.962115 -3.069967 -0.666667
-1.114835 -0.161943 -4.062532 -0.919029 -3.079967 -0.666667
-1.224004 -0.261712 -4.022948 -0.869144 -3.089967 -0.666667
-1.383441 -0.372391 -3.958230 -0.813804 -3.099967 -0.666667
-1.589119 -0.490998 -3.870390 -0.754501 -3.109967 -0.666667
-1.835768 -0.614336 -3.762066 -0.692832 -3.119967 -0.666667
-2.117013 -0.739085 -3.636444 -0.630458 -3.129967 -0.666667
-2.425546 -0.861883 -3.497177 -0.569059 -3.139967 -0.666667
-2.753324 -0.979421 -3.348288 -0.510289 -3.149967 -0.666667
-3.091789 -1.088534 -3.194056 -0.455733 -3.159967 -0.666667
-3.432089 -1.186283 -3.038905 -0.406859 -3.169967 -0.666667
-3.765329 -1.270033 -2.887286 -0.364983 -3.179967 -0.666667
-4.082799 -1.337529 -2.743551 -0.331235 -3.189967 -0.666667
-4.376217 -1.386953 -2.611842 -0.306524 -3.199967 -0.666667
-4.637947 -1.416972 -2.495976 -0.291514 -3.209967 -0.666667
-4.861209 -1.426779 -2.399346 -0.286610 -3.219967 -0.666667
-5.040256 -1.416109 -2.324822 -0.291946 -3.229967 -0.666667
-5.170536 -1.385249 -2.274682 -0.307375 -3.239967 -0.666667
-5.248808 -1.335032 -2.250546 -0.332484 -3.249967 -0.666667
-5.273232 -1.266809 -2.253334 -0.366596 -3.259967 -0.666667
-5.243420 -1.182418 -2.283240 -0.408791 -3.269967 -0.666667
-5.160445 -1.084134 -2.339728 -0.457933 -3.279967 -0.666667
-5.026811 -0.974603 -2.421545 -0.512698 -3.289967 -0.666667
-4.846388 -0.856777 -2.526756 -0.571612 -3.299967 -0.666667
-4.624305 -0.733829 -2.652798 -0.633085 -3.309967 -0.666667
-4.366814 -0.609072 -2.796543 -0.695464 -3.319967 -0.666667
-4.081123 -0.485867 -2.954389 -0.757067 -3.329967 -0.666667
-3.775195 -0.367532 -3.122352 -0.816234 -3.339967 -0.666667
-3.457543 -0.257256 -3.296178 -0.871372 -3.349967 -0.666667
-3.136993 -0.158008 -3.471453 -0.920996 -3.359967 -0.666667
-2.822450 -0.072464 -3.643725 -0.963768 -3.369967 -0.666667
-2.522656 -0.002927 -3.808622 -0.998536 -3.379967 -0.666667
-2.245958 0.048729 -3.961971 -1.024364 -3.389967 -0.666667
-2.000079 0.081113 -4.099911 -1.040556 -3.399967 -0.666667
-1.791911 0.093352 -4.218994 -1.046676 -3.409967 -0.666667
-1.627333 0.085117 -4.316283 -1.042558 -3.419967 -0.666667
-1.511047 0.056629 -4.389426 -1.028314 -3.429967 -0.666667
-1.446456 0.008656 -4.436722 -1.004328 -3.439967 -0.666667
-1.435568 -0.057509 -4.457166 -0.971245 -3.449967 -0.666667
-1.478947 -0.140085 -4.450477 -0.929957 -3.459967 -0.666667
-1.575693 -0.236847 -4.417103 -0.881577 -3.469967 -0.666667
-1.723470 -0.345187 -4.358215 -0.827406 -3.479967 -0.666667
-1.918565 -0.462188 -4.275668 -0.768906 -3.489967 -0.666667
-2.155993 -0.584698 -4.171954 -0.707651 -3.499967 -0.666667
-2.429626 -0.709415 -4.050137 -0.645292 -3.509967 -0.666667
-2.732363 -0.832981 -3.913768 -0.583509 -3.519967 -0.666667
-3.056318 -0.952067 -3.766791 -0.523966 -3.529967 -0.666667
-3.393033 -1.063464 -3.613434 -0.468268 -3.539967 -0.666667
-3.733705 -1.164172 -3.458097 -0.417914 -3.549967 -0.666667
-4.069428 -1.251477 -3.305236 -0.374261 -3.559967 -0.666667
-4.391427 -1.323028 -3.159237 -0.338486 -3.569967 -0.666667
-4.691295 -1.376897 -3.024302 -0.311551 -3.579967 -0.666667
-4.961226 -1.411633 -2.904337 -0.294184 -3.589967 -0.666667
-5.194215 -1.426300 -2.802842 -0.286850 -3.599967 -0.666667
-5.384257 -1.420503 -2.722821 -0.289749 -3.609967 -0.666667
-5.526501 -1.394398 -2.666700 -0.302801 -3.619967 -0.666667
-5.617383 -1.348689 -2.636258 -0.325656 -3.629967 -0.666667
-5.654727 -1.284606 -2.632587 -0.357697 -3.639967 -0.666667
-5.637794 -1.203876 -2.656053 -0.398062 -3.649967 -0.666667
-5.567310 -1.108675 -2.706295 -0.445663 -3.659967 -0.666667
-5.445444 -1.001566 -2.782228 -0.499217 -3.669967 -0.666667
-5.275747 -0.885435 -2.882076 -0.557282 -3.679967 -0.666667
-5.063062 -0.763411 -3.003419 -0.618295 -3.689967 -0.666667
-4.813386 -0.638780 -3.143257 -0.680610 -3.699967 -0.666667
-4.533715 -0.514901 -3.298092 -0.742550 -3.709967 -0.666667
-4.231854 -0.395110 -3.464023 -0.802445 -3.719967 -0.666667
-3.916202 -0.282635 -3.636849 -0.858683 -3.729967 -0.666667
-3.595533 -0.180505 -3.812183 -0.909748 -3.739967 -0.666667
-3.278755 -0.091472 -3.985572 -0.954264 -3.749967 -0.666667
-2.974672 -0.017934 -4.152614 -0.991033 -3.759967 -0.666667
-2.691743 0.038127 -4.309078 -1.019063 -3.769967 -0.666667
-2.437862 0.075201 -4.451019 -1.037601 -3.779967 -0.666667
-2.220135 0.092290 -4.574882 -1.046145 -3.789967 -0.666667
-2.044699 0.088934 -4.677600 -1.044467 -3.799967 -0.666667
-1.916549 0.065222 -4.756676 -1.032611 -3.809967 -0.666667
-1.839405 0.021793 -4.810247 -1.010897 -3.819967 -0.666667
-1.815617 -0.040182 -4.837141 -0.979909 -3.829967 -0.666667
-1.846094 -0.119034 -4.836903 -0.940483 -3.839967 -0.666667
-1.930285 -0.212640 -4.809808 -0.893680 -3.849967 -0.666667
-2.066190 -0.318476 -4.756855 -0.840762 -3.859967 -0.666667
-2.250419 -0.433692 -4.679741 -0.783154 -3.869967 -0.666667
-2.478277 -0.555185 -4.580812 -0.722408 -3.879967 -0.666667
-2.743895 -0.679680 -4.463002 -0.660160 -3.889967 -0.666667
-3.040388 -0.803826 -4.329756 -0.598087 -3.899967 -0.666667
-3.360038 -0.924276 -4.184931 -0.537862 -3.909967 -0.666667
-3.694502 -1.037786 -4.032699 -0.481107 -3.919967 -0.666667
-4.035040 -1.141299 -3.877430 -0.429351 -3.929967 -0.666667
-4.372747 -1.232025 -3.723576 -0.383987 -3.939967 -0.666667
-4.698796 -1.307521 -3.575552 -0.346239 -3.949967 -0.666667
-5.004671 -1.365753 -3.437614 -0.317123 -3.959967 -0.666667
-5.282403 -1.405152 -3.313748 -0.297424 -3.969967 -0.666667
-5.524779 -1.424657 -3.207560 -0.287672 -3.979967 -0.666667
-5.725539 -1.423742 -3.122181 -0.288129 -3.989967 -0.666667
-5.879544 -1.402432 -3.060178 -0.298784 -3.999967 -0.666667
-5.982914 -1.361301 -3.023493 -0.319350 -4.009967 -0.666667
-6.033134 -1.301456 -3.013383 -0.349272 -4.019967 -0.666667
-6.029121 -1.224512 -3.030390 -0.387744 -4.029967 -0.666667
-5.971252 -1.132539 -3.074324 -0.433731 -4.039967 -0.666667
-5.861356 -1.028016 -3.144272 -0.485992 -4.049967 -0.666667
-5.702662 -0.913758 -3.238619 -0.543121 -4.059967 -0.666667
-5.499715 -0.792844 -3.355093 -0.603578 -4.069967 -0.666667
-5.258251 -0.668531 -3.490824 -0.665735 -4.079967 -0.666667
-4.985046 -0.544167 -3.642427 -0.727916 -4.089967 -0.666667
-4.687727 -0.423104 -3.806086 -0.788448 -4.099967 -0.666667
-4.374575 -0.308602 -3.977663 -0.845699 -4.109967 -0.666667
-4.054294 -0.203746 -4.152803 -0.898127 -4.119967 -0.666667
-3.735783 -0.111361 -4.327059 -0.944320 -4.129967 -0.666667
-3.427890 -0.033935 -4.496005 -0.983032 -4.139967 -0.666667
-3.139181 0.026445 -4.655360 -1.013222 -4.149967 -0.666667
-2.877701 0.068153 -4.801099 -1.034077 -4.159967 -0.666667
-2.650765 0.090066 -4.929568 -1.045033 -4.169967 -0.666667
-2.464755 0.091593 -5.037573 -1.045797 -4.179967 -0.666667
-2.324951 0.072693 -5.122474 -1.036347 -4.189967 -0.666667
-2.235390 0.033875 -5.182255 -1.016938 -4.199967 -0.666667
-2.198753 -0.023815 -5.215574 -0.988093 -4.209967 -0.666667
-2.216297 -0.098823 -5.221802 -0.950589 -4.219967 -0.666667
-2.287818 -0.189128 -5.201041 -0.905436 -4.229967 -0.666667
-2.411659 -0.292298 -5.154120 -0.853851 -4.239967 -0.666667
-2.584754 -0.405553 -5.082573 -0.797223 -4.249967 -0.666667
-2.802708 -0.525842 -4.988596 -0.737079 -4.259967 -0.666667
-3.059920 -0.649925 -4.874990 -0.675037 -4.269967 -0.666667
-3.349730 -0.774459 -4.745085 -0.612770 -4.279967 -0.666667
-3.664600 -0.896090 -4.602650 -0.551955 -4.289967 -0.666667
-3.996316 -1.011539 -4.451792 -0.494230 -4.299967 -0.666667
-4.336213 -1.117698 -4.296843 -0.441151 -4.309967 -0.666667
-4.675403 -1.211707 -4.142249 -0.394147 -4.319967 -0.666667
-5.005017 -1.291032 -3.992441 -0.354484 -4.329967 -0.666667
-5.316446 -1.353538 -3.851727 -0.323231 -4.339967 -0.666667
-5.601570 -1.397540 -3.724165 -0.301230 -4.349967 -0.666667
-5.852976 -1.421852 -3.613462 -0.289074 -4.359967 -0.666667
-6.064161 -1.425821 -3.522869 -0.287090 -4.369967 -0.666667
-6.229706 -1.409338 -3.455097 -0.295331 -4.379967 -0.666667
-6.345421 -1.372848 -3.412240 -0.313576 -4.389967 -0.666667
-6.408456 -1.317334 -3.395722 -0.341333 -4.399967 -0.666667
-6.417385 -1.244292 -3.406258 -0.377854 -4.409967 -0.666667
-6.372235 -1.155689 -3.443833 -0.422156 -4.419967 -0.666667
-6.274492 -1.053912 -3.507704 -0.473044 -4.429967 -0.666667
-6.127059 -0.941702 -3.596421 -0.529149 -4.439967 -0.666667
-5.934177 -0.822084 -3.707862 -0.588958 -4.449967 -0.666667
-5.701311 -0.698279 -3.839294 -0.650861 -4.459967 -0.666667
-5.435004 -0.573622 -3.987448 -0.713189 -4.469967 -0.666667
-5.142700 -0.451471 -4.148600 -0.774264 -4.479967 -0.666667
-4.832543 -0.335118 -4.318679 -0.832441 -4.489967 -0.666667
-4.513156 -0.227697 -4.493372 -0.886152 -4.499967 -0.666667
-4.193414 -0.132101 -4.668243 -0.933950 -4.509967 -0.666667
-3.882200 -0.050906 -4.838850 -0.974547 -4.519967 -0.666667
-3.588167 0.013701 -5.000866 -1.006851 -4.529967 -0.666667
-3.319506 0.059979 -5.150197 -1.029990 -4.539967 -0.666667
-3.083722 0.086682 -5.283089 -1.043341 -4.549967 -0.666667
-2.887439 0.093090 -5.396231 -1.046545 -4.559967 -0.666667
-2.736212 0.079031 -5.486844 -1.039516 -4.569967 -0.666667
-2.634385 0.044884 -5.552758 -1.022442 -4.579967 -0.666667
-2.584971 -0.008433 -5.592465 -0.995784 -4.589967 -0.666667
-2.589570 -0.079481 -5.605165 -0.960259 -4.599967 -0.666667
-2.648327 -0.166349 -5.590786 -0.916826 -4.609967 -0.666667
-2.759930 -0.266694 -5.549985 -0.866653 -4.619967 -0.666667
-2.921641 -0.377814 -5.484129 -0.811093 -4.629967 -0.666667
-3.129373 -0.496716 -5.395263 -0.751642 -4.639967 -0.666667
-3.377800 -0.620196 -5.286050 -0.689902 -4.649967 -0.666667
-3.660498 -0.744928 -5.159701 -0.627536 -4.659967 -0.666667
-3.970120 -0.867552 -5.019890 -0.566224 -4.669967 -0.666667
-4.298596 -0.984764 -4.870652 -0.507618 -4.679967 -0.666667
-4.637346 -1.093407 -4.716277 -0.453297 -4.689967 -0.666667
-4.977514 -1.190553 -4.561193 -0.404723 -4.699967 -0.666667
-5.310204 -1.273587 -4.409848 -0.363207 -4.709967 -0.666667
-5.626725 -1.340270 -4.266587 -0.329865 -4.719967 -0.666667
-5.918818 -1.388807 -4.135541 -0.305596 -4.729967 -0.666667
-6.178885 -1.417890 -4.020508 -0.291055 -4.739967 -0.666667
-6.400187 -1.426736 -3.924856 -0.286632 -4.749967 -0.666667
-6.577034 -1.415106 -3.851433 -0.292447 -4.759967 -0.666667
-6.704931 -1.383313 -3.802484 -0.308343 -4.769967 -0.666667
-6.780701 -1.332215 -3.779600 -0.333893 -4.779967 -0.666667
-6.802572 -1.263187 -3.783664 -0.368407 -4.789967 -0.666667
-6.770226 -1.178089 -3.814837 -0.410955 -4.799967 -0.666667
-6.684802 -1.079214 -3.872549 -0.460393 -4.809967 -0.666667
-6.548871 -0.969225 -3.955515 -0.515387 -4.819967 -0.666667
-6.366364 -0.851086 -4.061768 -0.574457 -4.829967 -0.666667
-6.142469 -0.727978 -4.188716 -0.636011 -4.839967 -0.666667
-5.883484 -0.603219 -4.333208 -0.698391 -4.849967 -0.666667
-5.596658 -0.480168 -4.491621 -0.759916 -4.859967 -0.666667
-5.289985 -0.362142 -4.659957 -0.818929 -4.869967 -0.666667
-4.971998 -0.252320 -4.833951 -0.873840 -4.879967 -0.666667
-4.651531 -0.153660 -5.009185 -0.923170 -4.889967 -0.666667
-4.337487 -0.068820 -5.181206 -0.965590 -4.899967 -0.666667
-4.038597 -0.000085 -5.345652 -0.999957 -4.909967 -0.666667
-3.763180 0.050692 -5.498360 -1.025346 -4.919967 -0.666667
-3.518927 0.082144 -5.635487 -1.041072 -4.929967 -0.666667
-3.312685 0.093424 -5.753607 -1.046712 -4.939967 -0.666667
-3.150282 0.084227 -5.849809 -1.042113 -4.949967 -0.666667
-3.036361 0.054802 -5.921769 -1.027401 -4.959967 -0.666667
-2.974261 0.005941 -5.967820 -1.002970 -4.969967 -0.666667
-2.965923 -0.061040 -5.986988 -0.969480 -4.979967 -0.666667
-3.011843 -0.144336 -5.979029 -0.927832 -4.989967 -0.666667
-3.111051 -0.241703 -5.944424 -0.879149 -4.999967 -0.666667
-3.261146 -0.350518 -5.884377 -0.824741 -5.009967 -0.666667
-3.458353 -0.467850 -5.800774 -0.766075 -5.019967 -0.666667
-3.697629 -0.590538 -5.696136 -0.704731 -5.029967 -0.666667
-3.972796 -0.715277 -5.573552 -0.642361 -5.039967 -0.666667
-4.276713 -0.838706 -5.436593 -0.580647 -5.049967 -0.666667
-4.601461 -0.957501 -5.289220 -0.521249 -5.059967 -0.666667
-4.938560 -1.068461 -5.135670 -0.465769 -5.069967 -0.666667
-5.279200 -1.168597 -4.980350 -0.415702 -5.079967 -0.666667
-5.614472 -1.255211 -4.827714 -0.372394 -5.089967 -0.666667
-5.935614 -1.325970 -4.682143 -0.337015 -5.099967 -0.666667
-6.234245 -1.378968 -4.547828 -0.310516 -5.109967 -0.666667
-6.502588 -1.412777 -4.428656 -0.293611 -5.119967 -0.666667
-6.733685 -1.426487 -4.328108 -0.286757 -5.129967 -0.666667
-6.921578 -1.419727 -4.249161 -0.290136 -5.139967 -0.666667
-7.061476 -1.392681 -4.194212 -0.303660 -5.149967 -0.666667
-7.149880 -1.346076 -4.165010 -0.326962 -5.159967 -0.666667
-7.184676 -1.281168 -4.162612 -0.359416 -5.169967 -0.666667
-7.165198 -1.199706 -4.187351 -0.400147 -5.179967 -0.666667
-7.092239 -1.103884 -4.238831 -0.448058 -5.189967 -0.666667
-6.968034 -0.996284 -4.315933 -0.501858 -5.199967 -0.666667
-6.796198 -0.879805 -4.416851 -0.560098 -5.209967 -0.666667
-6.581630 -0.757583 -4.539135 -0.621208 -5.219967 -0.666667
-6.330381 -0.632913 -4.679760 -0.683544 -5.229967 -0.666667
-6.049486 -0.509151 -4.835207 -0.745424 -5.239967 -0.666667
-5.746784 -0.389633 -5.001558 -0.805183 -5.249967 -0.666667
-5.430698 -0.277578 -5.174601 -0.861211 -5.259967 -0.666667
-5.110013 -0.176005 -5.349944 -0.911997 -5.269967 -0.666667
-4.793636 -0.087650 -5.523132 -0.956175 -5.279967 -0.666667
-4.490361 -0.014893 -5.689769 -0.992553 -5.289967 -0.666667
-4.208627 0.040305 -5.845636 -1.020153 -5.299967 -0.666667
-3.956293 0.076458 -5.986803 -1.038229 -5.309967 -0.666667
-3.740426 0.092592 -6.109737 -1.046296 -5.319967 -0.666667
-3.567110 0.088272 -6.211395 -1.044136 -5.329967 -0.666667
-3.441285 0.063614 -6.289307 -1.031807 -5.339967 -0.666667
-3.366609 0.019284 -6.341646 -1.009642 -5.349967 -0.666667
-3.345363 -0.043526 -6.367269 -0.978237 -5.359967 -0.666667
-3.378389 -0.123123 -6.365755 -0.938438 -5.369967 -0.666667
-3.465067 -0.217363 -6.337417 -0.891319 -5.379967 -0.666667
-3.603331 -0.323706 -6.283285 -0.838147 -5.389967 -0.666667
-3.789726 -0.439289 -6.205087 -0.780356 -5.399967 -0.666667
-4.019499 -0.560997 -6.105201 -0.719502 -5.409967 -0.666667
-4.286731 -0.685551 -5.986585 -0.657224 -5.419967 -0.666667
-4.584491 -0.809597 -5.852705 -0.595201 -5.429967 -0.666667
-4.905028 -0.929793 -5.707436 -0.535104 -5.439967 -0.666667
-5.239975 -1.042900 -5.554962 -0.478550 -5.449967 -0.666667
-5.580580 -1.145871 -5.399660 -0.427064 -5.459967 -0.666667
-5.917936 -1.235933 -5.245982 -0.382033 -5.469967 -0.666667
-6.243223 -1.310660 -5.098338 -0.344670 -5.479967 -0.666667
-6.547949 -1.368038 -4.960976 -0.315981 -5.489967 -0.666667
-6.824174 -1.406521 -4.837863 -0.296739 -5.499967 -0.666667
-7.064725 -1.425073 -4.732588 -0.287463 -5.509967 -0.666667
-7.263392 -1.423194 -4.648254 -0.288403 -5.519967 -0.666667
-7.415093 -1.400935 -4.587404 -0.299532 -5.529967 -0.666667
-7.516009 -1.358895 -4.551945 -0.320552 -5.539967 -0.666667
-7.563693 -1.298207 -4.543104 -0.350896 -5.549967 -0.666667
-7.557128 -1.220506 -4.561386 -0.389747 -5.559967 -0.666667
-7.496761 -1.127885 -4.606570 -0.436058 -5.569967 -0.666667
-7.384487 -1.022839 -4.677707 -0.488581 -5.579967 -0.666667
-7.223601 -0.908197 -4.773150 -0.545901 -5.589967 -0.666667
-7.018706 -0.787049 -4.890597 -0.606475 -5.599967 -0.666667
-6.775591 -0.662659 -5.027155 -0.668671 -5.609967 -0.666667
-6.501075 -0.538376 -5.179413 -0.730812 -5.619967 -0.666667
-6.202822 -0.417549 -5.343539 -0.791226 -5.629967 -0.666667
-5.889137 -0.303433 -5.515381 -0.848284 -5.639967 -0.666667
-5.568740 -0.199102 -5.690580 -0.900449 -5.649967 -0.666667
-5.250531 -0.107368 -5.864685 -0.946316 -5.659967 -0.666667
-4.943352 -0.030700 -6.033274 -0.984650 -5.669967 -0.666667
-4.655747 0.028835 -6.192077 -1.014417 -5.679967 -0.666667
-4.395734 0.069634 -6.337083 -1.034817 -5.689967 -0.666667
-4.170587 0.090597 -6.464657 -1.045299 -5.699967 -0.666667
-3.986640 0.091160 -6.571630 -1.045580 -5.709967 -0.666667
-3.849118 0.071308 -6.655391 -1.035654 -5.719967 -0.666667
-3.761996 0.031575 -6.713952 -1.015788 -5.729967 -0.666667
-3.727890 -0.026968 -6.746005 -0.986516 -5.739967 -0.666667
-3.747987 -0.102743 -6.750956 -0.948628 -5.749967 -0.666667
-3.822017 -0.193711 -6.728942 -0.903144 -5.759967 -0.666667
-3.948253 -0.297420 -6.680823 -0.851290 -5.769967 -0.666667
-4.123566 -0.411076 -6.608167 -0.794462 -5.779967 -0.666667
-4.343500 -0.531617 -6.513200 -0.734191 -5.789967 -0.666667
-4.602401 -0.655797 -6.398749 -0.672102 -5.799967 -0.666667
-4.893564 -0.780269 -6.268168 -0.609865 -5.809967 -0.666667
-5.209414 -0.901681 -6.125243 -0.549159 -5.819967 -0.666667
-5.541712 -1.016762 -5.974094 -0.491619 -5.829967 -0.666667
-5.881776 -1.122412 -5.819062 -0.438794 -5.839967 -0.666667
-6.220713 -1.215784 -5.664594 -0.392108 -5.849967 -0.666667
-6.549662 -1.294363 -5.515119 -0.352819 -5.859967 -0.666667
-6.860032 -1.356032 -5.374934 -0.321984 -5.869967 -0.666667
-7.143729 -1.399131 -5.248085 -0.300434 -5.879967 -0.666667
-7.393382 -1.422497 -5.138259 -0.288751 -5.889967 -0.666667
-7.602534 -1.425502 -5.048683 -0.287249 -5.899967 -0.666667
-7.765820 -1.408065 -4.982040 -0.295968 -5.909967 -0.666667
-7.879111 -1.370654 -4.940395 -0.314673 -5.919967 -0.666667
-7.939623 -1.314279 -4.925138 -0.342860 -5.929967 -0.666667
-7.945997 -1.240458 -4.936951 -0.379771 -5.939967 -0.666667
-7.898330 -1.151178 -4.975785 -0.424411 -5.949967 -0.666667
-7.798175 -1.048847 -5.040862 -0.475577 -5.959967 -0.666667
-7.648500 -0.936220 -5.130700 -0.531890 -5.969967 -0.666667
-7.453607 -0.816331 -5.243147 -0.591834 -5.979967 -0.666667
-7.219014 -0.692411 -5.375443 -0.653795 -5.989967 -0.666667
-6.951313 -0.567796 -5.524294 -0.716102 -5.999967 -0.666667
-6.657982 -0.445846 -5.685959 -0.777077 -6.009967 -0.666667
-6.347194 -0.329844 -5.856353 -0.835078 -6.019967 -0.666667
-6.027591 -0.222916 -6.031154 -0.888542 -6.029967 -0.666667
-5.708052 -0.127942 -6.205924 -0.936029 -6.039967 -0.666667
-5.397455 -0.047481 -6.376222 -0.976259 -6.049967 -0.666667
-5.104436 0.016299 -6.537732 -1.008150 -6.059967 -0.666667
-4.837158 0.061681 -6.686371 -1.030840 -6.069967 -0.666667
-4.603091 0.087442 -6.818404 -1.043721 -6.079967 -0.666667
-4.408810 0.092887 -6.930545 -1.046444 -6.089967 -0.666667
-4.259819 0.077871 -7.020041 -1.038935 -6.099967 -0.666667
-4.160399 0.042797 -7.084750 -1.021399 -6.109967 -0.666667
-4.113500 -0.011389 -7.123200 -0.994305 -6.119967 -0.666667
-4.120653 -0.083228 -7.134623 -0.958386 -6.129967 -0.666667
-4.181936 -0.170784 -7.118982 -0.914608 -6.139967 -0.666667
-4.295967 -0.271699 -7.076966 -0.864150 -6.149967 -0.666667
-4.459944 -0.383254 -7.009978 -0.808373 -6.159967 -0.666667
-4.669718 -0.502445 -6.920091 -0.748778 -6.169967 -0.666667
-4.919907 -0.626059 -6.809996 -0.686971 -6.179967 -0.666667
-5.204042 -0.750767 -6.682929 -0.624617 -6.189967 -0.666667
-5.514737 -0.873209 -6.542582 -0.563395 -6.199967 -0.666667
-5.843891 -0.990088 -6.393004 -0.504956 -6.209967 -0.666667
-6.182907 -1.098253 -6.238496 -0.450873 -6.219967 -0.666667
-6.522922 -1.194792 -6.083489 -0.402604 -6.229967 -0.666667
-6.855044 -1.277104 -5.932428 -0.361448 -6.239967 -0.666667
-7.170597 -1.342971 -5.789651 -0.328515 -6.249967 -0.666667
-7.461349 -1.390619 -5.659276 -0.304691 -6.259967 -0.666667
-7.719736 -1.418764 -5.545082 -0.290618 -6.269967 -0.666667
-7.939068 -1.426648 -5.450416 -0.286676 -6.279967 -0.666667
-8.113704 -1.414058 -5.378098 -0.292971 -6.289967 -0.666667
-8.239210 -1.381335 -5.330345 -0.309333 -6.299967 -0.666667
-8.312475 -1.329358 -5.308713 -0.335321 -6.309967 -0.666667
-8.331793 -1.259530 -5.314054 -0.370235 -6.319967 -0.666667
-8.296914 -1.173730 -5.346493 -0.413135 -6.329967 -0.666667
-8.209046 -1.074270 -5.405427 -0.462865 -6.339967 -0.666667
-8.070828 -0.963829 -5.489536 -0.518085 -6.349967 -0.666667
-7.886250 -0.845383 -5.596825 -0.577308 -6.359967 -0.666667
-7.660555 -0.722123 -5.724672 -0.638938 -6.369967 -0.666667
-7.400093 -0.597369 -5.869904 -0.701316 -6.379967 -0.666667
-7.112149 -0.474481 -6.028876 -0.762759 -6.389967 -0.666667
-6.804750 -0.356771 -6.197575 -0.821614 -6.399967 -0.666667
-6.486446 -0.247409 -6.371727 -0.876295 -6.409967 -0.666667
-6.166083 -0.149342 -6.546909 -0.925329 -6.419967 -0.666667
-5.852558 -0.065211 -6.718671 -0.967394 -6.429967 -0.666667
-5.554589 0.002717 -6.882655 -1.001358 -6.439967 -0.666667
-5.280471 0.052612 -7.034714 -1.026306 -6.449967 -0.666667
-5.037859 0.083131 -7.171021 -1.041565 -6.459967 -0.666667
-4.833557 0.093450 -7.288172 -1.046725 -6.469967 -0.666667
-4.673339 0.083293 -7.383281 -1.041646 -6.479967 -0.666667
-4.561790 0.052932 -7.454055 -1.026466 -6.489967 -0.666667
-4.502185 0.003185 -7.498858 -1.001593 -6.499967 -0.666667
-4.496398 -0.064606 -7.516751 -0.967697 -6.509967 -0.666667
-4.544856 -0.148617 -7.507522 -0.925691 -6.519967 -0.666667
-4.646522 -0.246584 -7.471689 -0.876708 -6.529967 -0.666667
-4.798927 -0.355868 -7.410486 -0.822066 -6.539967 -0.666667
-4.998234 -0.473524 -7.325833 -0.763238 -6.549967 -0.666667
-5.239344 -0.596383 -7.220278 -0.701809 -6.559967 -0.666667
-5.516030 -0.721136 -7.096935 -0.639432 -6.569967 -0.666667
-5.821109 -0.844421 -6.959396 -0.577789 -6.579967 -0.666667
-6.146631 -0.962918 -6.811635 -0.518541 -6.589967 -0.666667
-6.484096 -1.073434 -6.657902 -0.463283 -6.599967 -0.666667
-6.824682 -1.172992 -6.502609 -0.413504 -6.609967 -0.666667
-7.159484 -1.258910 -6.350208 -0.370545 -6.619967 -0.666667
-7.479752 -1.328873 -6.205074 -0.335564 -6.629967 -0.666667
-7.777127 -1.380997 -6.071386 -0.309502 -6.639967 -0.666667
-8.043868 -1.413877 -5.953016 -0.293061 -6.649967 -0.666667
-8.273059 -1.426628 -5.853421 -0.286686 -6.659967 -0.666667
-8.458793 -1.418906 -5.775553 -0.290547 -6.669967 -0.666667
-8.596338 -1.390920 -5.721781 -0.304540 -6.679967 -0.666667
-8.682257 -1.343422 -5.693821 -0.328289 -6.689967 -0.666667
-8.714506 -1.277693 -5.692697 -0.361153 -6.699967 -0.666667
-8.692483 -1.195504 -5.718708 -0.402248 -6.709967 -0.666667
-8.617054 -1.099068 -5.771423 -0.450466 -6.719967 -0.666667
-8.490518 -0.990983 -5.849691 -0.504508 -6.729967 -0.666667
-8.316554 -0.874162 -5.951673 -0.562919 -6.739967 -0.666667
-8.100118 -0.751751 -6.074891 -0.624125 -6.749967 -0.666667
-7.847310 -0.627047 -6.216295 -0.686476 -6.759967 -0.666667
-7.565209 -0.503411 -6.372345 -0.748294 -6.769967 -0.666667
-7.261685 -0.384173 -6.539107 -0.807913 -6.779967 -0.666667
-6.945184 -0.272545 -6.712358 -0.863727 -6.789967 -0.666667
-6.624502 -0.171535 -6.887699 -0.914233 -6.799967 -0.666667
-6.308547 -0.083863 -7.060677 -0.958068 -6.809967 -0.666667
-6.006099 -0.011891 -7.226901 -0.994054 -6.819967 -0.666667
-5.725576 0.042441 -7.382162 -1.021221 -6.829967 -0.666667
-5.474805 0.077671 -7.522547 -1.038835 -6.839967 -0.666667
-5.260811 0.092848 -7.644545 -1.046424 -6.849967 -0.666667
-5.089627 0.087565 -7.745137 -1.043783 -6.859967 -0.666667
-4.966135 0.061964 -7.821883 -1.030982 -6.869967 -0.666667
-4.893931 0.016733 -7.872985 -1.008367 -6.879967 -0.666667
-4.875229 -0.046908 -7.897336 -0.976546 -6.889967 -0.666667
-4.910803 -0.127244 -7.894549 -0.936378 -6.899967 -0.666667
-4.999964 -0.222113 -7.864968 -0.888944 -6.909967 -0.666667
-5.140578 -0.328957 -7.809661 -0.835522 -6.919967 -0.666667
-5.329129 -0.444899 -7.730386 -0.777551 -6.929967 -0.666667
-5.560804 -0.566815 -7.629548 -0.716593 -6.939967 -0.666667
-5.829634 -0.691421 -7.510133 -0.654289 -6.949967 -0.666667
-6.128644 -0.815360 -7.375628 -0.592320 -6.959967 -0.666667
-6.450050 -0.935294 -7.229925 -0.532353 -6.969967 -0.666667
-6.785462 -1.047991 -7.077219 -0.476005 -6.979967 -0.666667
-7.126113 -1.150415 -6.921893 -0.424792 -6.989967 -0.666667
-7.463097 -1.239808 -6.768401 -0.380096 -6.999967 -0.666667
-7.787605 -1.313760 -6.621148 -0.343120 -7.009967 -0.666667
-8.091163 -1.370280 -6.484368 -0.314860 -7.019967 -0.666667
-8.365865 -1.407846 -6.362018 -0.296077 -7.029967 -0.666667
-8.604578 -1.425444 -6.257661 -0.287278 -7.039967 -0.666667
-8.801141 -1.422602 -6.174379 -0.288699 -7.049967 -0.666667
-8.950529 -1.399395 -6.114685 -0.300303 -7.059967 -0.666667
-9.048987 -1.356449 -6.080456 -0.321776 -7.069967 -0.666667
-9.094131 -1.294921 -6.072884 -0.352540 -7.079967 -0.666667
-9.085015 -1.216468 -6.092442 -0.391766 -7.089967 -0.666667
-9.022154 -1.123203 -6.138873 -0.438398 -7.099967 -0.666667
-8.907510 -1.017640 -6.211195 -0.491180 -7.109967 -0.666667
-8.744442 -0.902622 -6.307729 -0.548689 -7.119967 -0.666667
-8.537612 -0.781248 -6.426144 -0.609376 -7.129967 -0.666667
-8.292860 -0.656787 -6.563520 -0.671607 -7.139967 -0.666667
-8.017051 -0.532592 -6.716425 -0.733704 -7.149967 -0.666667
-7.717883 -0.412008 -6.881009 -0.793996 -7.159967 -0.666667
-7.403685 -0.298285 -7.053108 -0.850857 -7.169967 -0.666667
-7.083190 -0.194486 -7.228355 -0.902757 -7.179967 -0.666667
-6.765303 -0.103408 -7.402298 -0.948296 -7.189967 -0.666667
-6.458856 -0.027503 -7.570522 -0.986249 -7.199967 -0.666667
-6.172374 0.031183 -7.728763 -1.015592 -7.209967 -0.666667
-5.913844 0.071070 -7.873028 -1.035535 -7.219967 -0.666667
-5.690500 0.091083 -7.999700 -1.045541 -7.229967 -0.666667
-5.508628 0.090682 -8.105636 -1.045341 -7.239967 -0.666667
-5.373397 0.069879 -8.188251 -1.034939 -7.249967 -0.666667
-5.288720 0.029234 -8.245590 -1.014617 -7.259967 -0.666667
-5.257147 -0.030158 -8.276377 -0.984921 -7.269967 -0.666667
-5.279798 -0.106698 -8.280051 -0.946651 -7.279967 -0.666667
-5.356331 -0.198322 -8.256784 -0.900839 -7.289967 -0.666667
-5.484956 -0.302564 -8.207472 -0.848718 -7.299967 -0.666667
-5.662476 -0.416614 -8.133712 -0.791693 -7.309967 -0.666667
-5.884378 -0.537400 -8.037761 -0.731300 -7.319967 -0.666667
-6.144954 -0.661669 -7.922473 -0.669166 -7.329967 -0.666667
-6.437453 -0.786072 -7.791223 -0.606964 -7.339967 -0.666667
-6.754265 -0.907259 -7.647817 -0.546371 -7.349967 -0.666667
-7.087126 -1.021964 -7.496387 -0.489018 -7.359967 -0.666667
-7.427336 -1.127098 -7.341282 -0.436451 -7.369967 -0.666667
-7.766001 -1.219828 -7.186950 -0.390086 -7.379967 -0.666667
-8.094266 -1.297656 -7.037817 -0.351172 -7.389967 -0.666667
-8.403558 -1.358486 -6.898171 -0.320757 -7.399967 -0.666667
-8.685814 -1.400679 -6.772043 -0.299661 -7.409967 -0.666667
-8.933699 -1.423098 -6.663100 -0.288451 -7.419967 -0.666667
-9.140806 -1.425139 -6.574547 -0.287431 -7.429967 -0.666667
-9.301824 -1.406747 -6.509038 -0.296626 -7.439967 -0.666667
-9.412684 -1.368419 -6.468608 -0.315791 -7.449967 -0.666667
-9.470671 -1.311185 -6.454615 -0.344407 -7.459967 -0.666667
-9.474490 -1.236589 -6.467705 -0.381705 -7.469967 -0.666667
-9.424309 -1.146639 -6.507796 -0.426680 -7.479967 -0.666667
-9.321749 -1.043760 -6.574076 -0.478120 -7.489967 -0.666667
-9.169841 -0.930721 -6.665029 -0.534639 -7.499967 -0.666667
-8.972949 -0.810569 -6.778476 -0.594715 -7.509967 -0.666667
-8.736645 -0.686541 -6.911628 -0.656730 -7.519967 -0.666667
-8.467564 -0.561977 -7.061168 -0.719011 -7.529967 -0.666667
-8.173225 -0.440234 -7.223338 -0.779883 -7.539967 -0.666667
-7.861826 -0.324590 -7.394037 -0.837705 -7.549967 -0.666667
-7.542027 -0.218162 -7.568937 -0.890919 -7.559967 -0.666667
-7.222710 -0.123816 -7.743595 -0.938092 -7.569967 -0.666667
-6.912749 -0.044094 -7.913576 -0.977953 -7.579967 -0.666667
-6.620761 0.018856 -8.074569 -1.009428 -7.589967 -0.666667
-6.354884 0.063339 -8.222508 -1.031670 -7.599967 -0.666667
-6.122548 0.088156 -8.353676 -1.044078 -7.609967 -0.666667
-5.930282 0.092638 -8.464809 -1.046319 -7.619967 -0.666667
-5.783535 0.076666 -8.553182 -1.038333 -7.629967 -0.666667
-5.686530 0.040668 -8.616685 -1.020334 -7.639967 -0.666667
-5.642149 -0.014385 -8.653875 -0.992808 -7.649967 -0.666667
-5.651857 -0.087009 -8.664021 -0.956495 -7.659967 -0.666667
-5.715662 -0.175250 -8.647119 -0.912375 -7.669967 -0.666667
-5.832115 -0.276728 -8.603892 -0.861636 -7.679967 -0.666667
-5.998348 -0.388712 -8.535776 -0.805644 -7.689967 -0.666667
-6.210152 -0.508183 -8.444874 -0.745909 -7.699967 -0.666667
-6.462090 -0.631924 -8.333905 -0.684038 -7.709967 -0.666667
-6.747645 -0.756600 -8.206127 -0.621700 -7.719967 -0.666667
-7.059394 -0.878854 -8.065253 -0.560573 -7.729967 -0.666667
-7.389208 -0.995392 -7.915346 -0.502304 -7.739967 -0.666667
-7.728470 -1.103074 -7.760715 -0.448463 -7.749967 -0.666667
-8.068312 -1.199000 -7.605794 -0.400500 -7.759967 -0.666667
-8.399848 -1.280585 -7.455026 -0.359708 -7.769967 -0.666667
-8.714415 -1.345631 -7.312743 -0.327184 -7.779967 -0.666667
-9.003808 -1.392387 -7.183046 -0.303807 -7.789967 -0.666667
-9.260501 -1.419592 -7.069699 -0.290204 -7.799967 -0.666667
-9.477849 -1.426514 -6.976026 -0.286743 -7.809967 -0.666667
-9.650265 -1.412966 -6.904818 -0.293517 -7.819967 -0.666667
-9.773374 -1.379313 -6.858263 -0.310343 -7.829967 -0.666667
-9.844129 -1.326462 -6.837886 -0.336769 -7.839967 -0.666667
-9.860893 -1.255837 -6.844503 -0.372081 -7.849967 -0.666667
-9.823484 -1.169340 -6.878208 -0.415330 -7.859967 -0.666667
-9.733180 -1.069301 -6.938360 -0.465349 -7.869967 -0.666667
-9.592682 -0.958416 -7.023609 -0.520792 -7.879967 -0.666667
-9.406044 -0.839671 -7.131928 -0.580165 -7.889967 -0.666667
-9.178564 -0.716265 -7.260668 -0.641868 -7.899967 -0.666667
-8.916640 -0.591523 -7.406630 -0.704238 -7.909967 -0.666667
-8.627597 -0.468806 -7.566152 -0.765597 -7.919967 -0.666667
-8.319491 -0.351418 -7.735205 -0.824291 -7.929967 -0.666667
-8.000891 -0.242524 -7.909505 -0.878738 -7.939967 -0.666667
-7.680650 -0.145055 -8.084625 -0.927472 -7.949967 -0.666667
-7.367664 -0.061639 -8.256118 -0.969181 -7.959967 -0.666667
-7.070634 0.005479 -8.419633 -1.002740 -7.969967 -0.666667
-6.797832 0.054490 -8.571034 -1.027245 -7.979967 -0.666667
-6.556876 0.084073 -8.706512 -1.042036 -7.989967 -0.666667
-6.354526 0.093431 -8.822687 -1.046716 -7.999967 -0.666667
-6.196503 0.082313 -8.916699 -1.041157 -8.009967 -0.666667
-6.087333 0.051019 -8.986283 -1.025509 -8.019967 -0.666667
-6.030228 0.000390 -9.029836 -1.000195 -8.029967 -0.666667
-6.026994 -0.068209 -9.046453 -0.965895 -8.039967 -0.666667
-6.077988 -0.152930 -9.035956 -0.923535 -8.049967 -0.666667
-6.182106 -0.251491 -8.998897 -0.874255 -8.059967 -0.666667
-6.336812 -0.361236 -8.936544 -0.819382 -8.069967 -0.666667
-6.538208 -0.479209 -8.850846 -0.760396 -8.079967 -0.666667
-6.781138 -0.602232 -8.744381 -0.698884 -8.089967 -0.666667
-7.059327 -0.726991 -8.620286 -0.636504 -8.099967 -0.666667
-7.365550 -0.850125 -8.482175 -0.574937 -8.109967 -0.666667
-7.691827 -0.968317 -8.334036 -0.515842 -8.119967 -0.666667
-8.029638 -1.078382 -8.180131 -0.460809 -8.129967 -0.666667
-8.370152 -1.177356 -8.024874 -0.411322 -8.139967 -0.666667
-8.704464 -1.262573 -7.872718 -0.368714 -8.149967 -0.666667
-9.023839 -1.331736 -7.728030 -0.334132 -8.159967 -0.666667
-9.319942 -1.382983 -7.594979 -0.308509 -8.169967 -0.666667
-9.585065 -1.414932 -7.477417 -0.292534 -8.179967 -0.666667
-9.812336 -1.426724 -7.378782 -0.286638 -8.189967 -0.666667
-9.995901 -1.418041 -7.301999 -0.290980 -8.199967 -0.666667
-10.131085 -1.389116 -7.249407 -0.305442 -8.209967 -0.666667
-10.214516 -1.340728 -7.222692 -0.329636 -8.219967 -0.666667
-10.244215 -1.274182 -7.222843 -0.362909 -8.229967 -0.666667
-10.219651 -1.191270 -7.250125 -0.404365 -8.239967 -0.666667
-10.141756 -1.094226 -7.304072 -0.452887 -8.249967 -0.666667
-10.012897 -0.985663 -7.383501 -0.507169 -8.259967 -0.666667
-9.836816 -0.868507 -7.486542 -0.565747 -8.269967 -0.666667
-9.618525 -0.745913 -7.610688 -0.627044 -8.279967 -0.666667
-9.364174 -0.621184 -7.752863 -0.689408 -8.289967 -0.666667
-9.080884 -0.497681 -7.909508 -0.751159 -8.299967 -0.666667
-8.776558 -0.378730 -8.076671 -0.810635 -8.309967 -0.666667
-8.459661 -0.267536 -8.250119 -0.866232 -8.319967 -0.666667
-8.139002 -0.167094 -8.425449 -0.916453 -8.329967 -0.666667
-7.823486 -0.080111 -8.598207 -0.959945 -8.339967 -0.666667
-7.521885 -0.008928 -8.764008 -0.995536 -8.349967 -0.666667
-7.242591 0.044535 -8.918654 -1.022267 -8.359967 -0.666667
-6.993399 0.078839 -9.058251 -1.039419 -8.369967 -0.666667
-6.781290 0.093059 -9.179305 -1.046530 -8.379967 -0.666667
-6.612249 0.086813 -9.278825 -1.043407 -8.389967 -0.666667
-6.491098 0.060269 -9.354401 -1.030135 -8.399967 -0.666667
-6.421371 0.014142 -9.404264 -1.007071 -8.409967 -0.666667
-6.405215 -0.050326 -9.427342 -0.974837 -8.419967 -0.666667
-6.443335 -0.131398 -9.423282 -0.934301 -8.429967 -0.666667
-6.534974 -0.226889 -9.392463 -0.886556 -8.439967 -0.666667
-6.677932 -0.334228 -9.335984 -0.832886 -8.449967 -0.666667
-6.868627 -0.450522 -9.255636 -0.774739 -8.459967 -0.666667
-7.102192 -0.572639 -9.153854 -0.713680 -8.469967 -0.666667
-7.372604 -0.697289 -9.033648 -0.651355 -8.479967 -0.666667
-7.672847 -0.821115 -8.898527 -0.589443 -8.489967 -0.666667
-7.995103 -0.940779 -8.752399 -0.529610 -8.499967 -0.666667
-8.330959 -1.053059 -8.599470 -0.473470 -8.509967 -0.666667
-8.671638 -1.154930 -8.444131 -0.422535 -8.519967 -0.666667
-9.008231 -1.243648 -8.290834 -0.378176 -8.529967 -0.666667
-9.331940 -1.316822 -8.143980 -0.341589 -8.539967 -0.666667
-9.634314 -1.372481 -8.007793 -0.313759 -8.549967 -0.666667
-9.907476 -1.409126 -7.886212 -0.295437 -8.559967 -0.666667
-10.144337 -1.425770 -7.782781 -0.287115 -8.569967 -0.666667
-10.338786 -1.421964 -7.700557 -0.289018 -8.579967 -0.666667
-10.485853 -1.397811 -7.642023 -0.301094 -8.589967 -0.666667
-10.581847 -1.353961 -7.609027 -0.323019 -8.599967 -0.666667
-10.624450 -1.291596 -7.602725 -0.354202 -8.609967 -0.666667
-10.612784 -1.212396 -7.623558 -0.393802 -8.619967 -0.666667
-10.547433 -1.118495 -7.671234 -0.440753 -8.629967 -0.666667
-10.430427 -1.012421 -7.744737 -0.493789 -8.639967 -0.666667
-10.265187 -0.897033 -7.842357 -0.551483 -8.649967 -0.666667
-10.056434 -0.775439 -7.961733 -0.612280 -8.659967 -0.666667
-9.810061 -0.650915 -8.099919 -0.674542 -8.669967 -0.666667
-9.532975 -0.526815 -8.253462 -0.736592 -8.679967 -0.666667
-9.232910 -0.406483 -8.418495 -0.796758 -8.689967 -0.666667
-8.918218 -0.293160 -8.590841 -0.853420 -8.699967 -0.666667
-8.597646 -0.189899 -8.766127 -0.905051 -8.709967 -0.666667
-8.280101 -0.099481 -8.939900 -0.950259 -8.719967 -0.666667
-7.974405 -0.024344 -9.107748 -0.987828 -8.729967 -0.666667
-7.689063 0.033490 -9.265419 -1.016745 -8.739967 -0.666667
-7.432032 0.072463 -9.408934 -1.036231 -8.749967 -0.666667
-7.210505 0.091523 -9.534698 -1.045762 -8.759967 -0.666667
-7.030720 0.090159 -9.639590 -1.045079 -8.769967 -0.666667
-6.897788 0.068406 -9.721056 -1.034203 -8.779967 -0.666667
-6.815562 0.026851 -9.777169 -1.013425 -8.789967 -0.666667
-6.786524 -0.033387 -9.806688 -0.983306 -8.799967 -0.666667
-6.811727 -0.110685 -9.809086 -0.944657 -8.809967 -0.666667
-6.890761 -0.202961 -9.784569 -0.898519 -8.819967 -0.666667
-7.021767 -0.307729 -9.734066 -0.846135 -8.829967 -0.666667
-7.201485 -0.422166 -9.659208 -0.788917 -8.839967 -0.666667
-7.425342 -0.543190 -9.562279 -0.728405 -8.849967 -0.666667
-7.687577 -0.667541 -9.446161 -0.666230 -8.859967 -0.666667
-7.981396 -0.791868 -9.314252 -0.604066 -8.869967 -0.666667
-8.299152 -0.912822 -9.170374 -0.543589 -8.879967 -0.666667
-8.632555 -1.027144 -9.018672 -0.486428 -8.889967 -0.666667
-8.972893 -1.131756 -8.863504 -0.434122 -8.899967 -0.666667
-9.311265 -1.223839 -8.709317 -0.388081 -8.909967 -0.666667
-9.638828 -1.300911 -8.560536 -0.349544 -8.919967 -0.666667
-9.947024 -1.360898 -8.421438 -0.319551 -8.929967 -0.666667
-10.227822 -1.402182 -8.296039 -0.298909 -8.939967 -0.666667
-10.473926 -1.423653 -8.187987 -0.288174 -8.949967 -0.666667
-10.678975 -1.424730 -8.100462 -0.287635 -8.959967 -0.666667
-10.837716 -1.405386 -8.036092 -0.297307 -8.969967 -0.666667
-10.946140 -1.366141 -7.996880 -0.316929 -8.979967 -0.666667
-11.001598 -1.308053 -7.984151 -0.345973 -8.989967 -0.666667
-11.002863 -1.232687 -7.998518 -0.383657 -8.999967 -0.666667
-10.950172 -1.142072 -8.039864 -0.428964 -9.009967 -0.666667
-10.845213 -1.038650 -8.107344 -0.480675 -9.019967 -0.666667
-10.691083 -0.925207 -8.199409 -0.537397 -9.029967 -0.666667
-10.492204 -0.804799 -8.313848 -0.597600 -9.039967 -0.666667
-10.254202 -0.680670 -8.447849 -0.659665 -9.049967 -0.666667
-9.983759 -0.556164 -8.598070 -0.721918 -9.059967 -0.666667
-9.688430 -0.434635 -8.760735 -0.782683 -9.069967 -0.666667
-9.376440 -0.319356 -8.931730 -0.840322 -9.079967 -0.666667
-9.056463 -0.213434 -9.106718 -0.893283 -9.089967 -0.666667
-8.737389 -0.119721 -9.281256 -0.940139 -9.099967 -0.666667
-8.428082 -0.040743 -9.450909 -0.979628 -9.109967 -0.666667
-8.137145 0.021373 -9.611378 -1.010686 -9.119967 -0.666667
-7.872684 0.064954 -9.758608 -1.032477 -9.129967 -0.666667
-7.642094 0.088825 -9.888903 -1.044413 -9.139967 -0.666667
-7.451855 0.092344 -9.999022 -1.046172 -9.149967 -0.666667
-7.307362 0.075416 -10.086269 -1.037708 -9.159967 -0.666667
-7.212777 0.038497 -10.148561 -1.019249 -9.169967 -0.666667
-7.170918 -0.017419 -10.184491 -0.991291 -9.179967 -0.666667
-7.183181 -0.090825 -10.193360 -0.954587 -9.189967 -0.666667
-7.249505 -0.179744 -10.175198 -0.910128 -9.199967 -0.666667
-7.368373 -0.281781 -10.130763 -0.859110 -9.209967 -0.666667
-7.536853 -0.394185 -10.061524 -0.802907 -9.219967 -0.666667
-7.750674 -0.513931 -9.969613 -0.743035 -9.229967 -0.666667
-8.004347 -0.637791 -9.857777 -0.681105 -9.239967 -0.666667
-8.291306 -0.762429 -9.729297 -0.618786 -9.249967 -0.666667
-8.604091 -0.884487 -9.587904 -0.557757 -9.259967 -0.666667
-8.934545 -1.000677 -9.437677 -0.499662 -9.269967 -0.666667
-9.274035 -1.107869 -9.282933 -0.446065 -9.279967 -0.666667
-9.613685 -1.203176 -9.128108 -0.398412 -9.289967 -0.666667
-9.944613 -1.284029 -8.977643 -0.357986 -9.299967 -0.666667
-10.258176 -1.348251 -8.835862 -0.325875 -9.309967 -0.666667
-10.546195 -1.394112 -8.706853 -0.302944 -9.319967 -0.666667
-10.801179 -1.420375 -8.594360 -0.289812 -9.329967 -0.666667
-11.016531 -1.426335 -8.501685 -0.286833 -9.339967 -0.666667
-11.186716 -1.411829 -8.431592 -0.294085 -9.349967 -0.666667
-11.307421 -1.377249 -8.386239 -0.311375 -9.359967 -0.666667
-11.375663 -1.323527 -8.367118 -0.338237 -9.369967 -0.666667
-11.389873 -1.252109 -8.375013 -0.373945 -9.379967 -0.666667
-11.349938 -1.164920 -8.409981 -0.417540 -9.389967 -0.666667
-11.257202 -1.064308 -8.471349 -0.467846 -9.399967 -0.666667
-11.114433 -0.952984 -8.557733 -0.523508 -9.409967 -0.666667
-10.925748 -0.833947 -8.667076 -0.583026 -9.419967 -0.666667
-10.696497 -0.710404 -8.796701 -0.644798 -9.429967 -0.666667
-10.433128 -0.585682 -8.943386 -0.707159 -9.439967 -0.666667
-10.143003 -0.463142 -9.103449 -0.768429 -9.449967 -0.666667
-9.834208 -0.346085 -9.272846 -0.826958 -9.459967 -0.666667
-9.515331 -0.237664 -9.447284 -0.881168 -9.469967 -0.666667
-9.195233 -0.140800 -9.622334 -0.929600 -9.479967 -0.666667
-8.882805 -0.058102 -9.793548 -0.970949 -9.489967 -0.666667
-8.586733 0.008201 -9.956584 -1.004101 -9.499967 -0.666667
-8.315263 0.056324 -10.107318 -1.028162 -9.509967 -0.666667
-8.075978 0.084970 -10.241961 -1.042485 -9.519967 -0.666667
-7.875593 0.093367 -10.357154 -1.046684 -9.529967 -0.666667
-7.719775 0.081290 -10.450062 -1.040645 -9.539967 -0.666667
-7.612993 0.049063 -10.518454 -1.024531 -9.549967 -0.666667
-7.558390 -0.002446 -10.560755 -0.998777 -9.559967 -0.666667
-7.557709 -0.071847 -10.576095 -0.964076 -9.569967 -0.666667
-7.611237 -0.157273 -10.564331 -0.921363 -9.579967 -0.666667
-7.717801 -0.256422 -10.526049 -0.871789 -9.589967 -0.666667
-7.874800 -0.366622 -10.462550 -0.816689 -9.599967 -0.666667
-8.078274 -0.484905 -10.375813 -0.757547 -9.609967 -0.666667
-8.323010 -0.608085 -10.268445 -0.695957 -9.619967 -0.666667
-8.602686 -0.732843 -10.143607 -0.633579 -9.629967 -0.666667
-8.910036 -0.855818 -10.004932 -0.572091 -9.639967 -0.666667
-9.237049 -0.973698 -9.856425 -0.513151 -9.649967 -0.666667
-9.575186 -1.083306 -9.702357 -0.458347 -9.659967 -0.666667
-9.915608 -1.181691 -9.547146 -0.409155 -9.669967 -0.666667
-10.249412 -1.266201 -9.395244 -0.366900 -9.679967 -0.666667
-10.567875 -1.334560 -9.251013 -0.332720 -9.689967 -0.666667
-10.862688 -1.384926 -9.118606 -0.307537 -9.699967 -0.666667
-11.126178 -1.415943 -9.001861 -0.292029 -9.709967 -0.666667
-11.351517 -1.426775 -8.904192 -0.286613 -9.719967 -0.666667
-11.532902 -1.417130 -8.828499 -0.291435 -9.729967 -0.666667
-11.665718 -1.387268 -8.777091 -0.306366 -9.739967 -0.666667
-11.746656 -1.337994 -8.751622 -0.331003 -9.749967 -0.666667
-11.773803 -1.270635 -8.753048 -0.364683 -9.759967 -0.666667
-11.746700 -1.187005 -8.781600 -0.406497 -9.769967 -0.666667
-11.666345 -1.089358 -8.836778 -0.455321 -9.779967 -0.666667
-11.535172 -0.980323 -8.917364 -0.509838 -9.789967 -0.666667
-11.356984 -0.862839 -9.021458 -0.568580 -9.799967 -0.666667
-11.136852 -0.740070 -9.146524 -0.629965 -9.809967 -0.666667
-10.880974 -0.615324 -9.289463 -0.692338 -9.819967 -0.666667
-10.596513 -0.491961 -9.446693 -0.754020 -9.829967 -0.666667
-10.291402 -0.373304 -9.614249 -0.813348 -9.839967 -0.666667
-9.974130 -0.262551 -9.787885 -0.868725 -9.849967 -0.666667
-9.653513 -0.162683 -9.963194 -0.918658 -9.859967 -0.666667
-9.338457 -0.076393 -10.135721 -0.961803 -9.869967 -0.666667
-9.037720 -0.006005 -10.301090 -0.996998 -9.879967 -0.666667
-8.759673 0.046586 -10.455114 -1.023293 -9.889967 -0.666667
-8.512075 0.079962 -10.593913 -1.039981 -9.899967 -0.666667
-8.301866 0.093225 -10.714017 -1.046612 -9.909967 -0.666667
-8.134977 0.086017 -10.812461 -1.043008 -9.919967 -0.666667
-8.016176 0.058532 -10.886862 -1.029266 -9.929967 -0.666667
-7.948930 0.011510 -10.935485 -1.005755 -9.939967 -0.666667
-7.935322 -0.053781 -10.957289 -0.973109 -9.949967 -0.666667
-7.975987 -0.135583 -10.951957 -0.932209 -9.959967 -0.666667
-8.070098 -0.231692 -10.919901 -0.884154 -9.969967 -0.666667
-8.215391 -0.339518 -10.862254 -0.830241 -9.979967 -0.666667
-8.408221 -0.456158 -10.780840 -0.771921 -9.989967 -0.666667
-8.643661 -0.578469 -10.678119 -0.710765 -9.999967 -0.666667
