1.945457 -0.086927 -0.987679 -0.956537 -0.009967 -0.666667
1.731541 -0.221411 -0.895721 -0.889294 -0.019967 -0.666667
1.390403 -0.388405 -0.740151 -0.805797 -0.029967 -0.666667
0.965751 -0.572041 -0.542825 -0.713980 -0.039967 -0.666667
0.498816 -0.760098 -0.324358 -0.619951 -0.049967 -0.666667
0.018001 -0.946520 -0.098950 -0.526740 -0.059967 -0.666667
-0.463805 -1.128932 0.126953 -0.435534 -0.069967 -0.666667
-0.934479 -1.299334 0.347289 -0.350333 -0.079967 -0.666667
-1.367213 -1.442166 0.548657 -0.278917 -0.089967 -0.666667
-1.722366 -1.538197 0.711233 -0.230901 -0.099967 -0.666667
-1.957421 -1.569886 0.813760 -0.215057 -0.109967 -0.666667
-2.040565 -1.527378 0.840332 -0.236311 -0.119967 -0.666667
-1.962277 -1.412503 0.786189 -0.293748 -0.129967 -0.666667
-1.738874 -1.238449 0.659487 -0.380775 -0.139967 -0.666667
-1.406063 -1.025061 0.478082 -0.487470 -0.149967 -0.666667
-1.006249 -0.792219 0.263175 -0.603890 -0.159967 -0.666667
-0.575861 -0.554313 0.032981 -0.722843 -0.169967 -0.666667
-0.137157 -0.317940 -0.201372 -0.841030 -0.179967 -0.666667
0.300181 -0.087471 -0.435041 -0.956265 -0.189967 -0.666667
0.721107 0.124506 -0.660504 -1.062253 -0.199967 -0.666667
1.095854 0.297286 -0.862877 -1.148643 -0.209967 -0.666667
1.384826 0.407020 -1.022363 -1.203510 -0.219967 -0.666667
1.549519 0.433751 -1.119709 -1.216876 -0.229967 -0.666667
1.565458 0.368537 -1.142679 -1.184268 -0.239967 -0.666667
1.431285 0.217197 -1.090592 -1.108598 -0.249967 -0.666667
1.169068 -0.001608 -0.974484 -0.999196 -0.259967 -0.666667
0.815798 -0.263046 -0.812849 -0.868477 -0.269967 -0.666667
0.410821 -0.544109 -0.625361 -0.727946 -0.279967 -0.666667
-0.015076 -0.829514 -0.427412 -0.585243 -0.289967 -0.666667
-0.445541 -1.112788 -0.227179 -0.443606 -0.299967 -0.666667
-0.872114 -1.386557 -0.028893 -0.306722 -0.309967 -0.666667
-1.276711 -1.632979 0.158406 -0.183510 -0.319967 -0.666667
-1.628020 -1.826013 0.319060 -0.086994 -0.329967 -0.666667
-1.888221 -1.937921 0.434161 -0.031040 -0.339967 -0.666667
-2.024229 -1.947974 0.487165 -0.026013 -0.349967 -0.666667
-2.019265 -1.850153 0.469683 -0.074924 -0.359967 -0.666667
-1.879094 -1.655804 0.384597 -0.172098 -0.369967 -0.666667
-1.629525 -1.389555 0.244812 -0.305223 -0.379967 -0.666667
-1.306758 -1.080641 0.068429 -0.459679 -0.389967 -0.666667
-0.945740 -0.753968 -0.127080 -0.623016 -0.399967 -0.666667
-0.571231 -0.424409 -0.329335 -0.787796 -0.409967 -0.666667
-0.194543 -0.098377 -0.532679 -0.950811 -0.419967 -0.666667
0.175403 0.212510 -0.732652 -1.106255 -0.429967 -0.666667
0.518208 0.484713 -0.919054 -1.242356 -0.439967 -0.666667
0.802580 0.687104 -1.076240 -1.343552 -0.449967 -0.666667
0.994047 0.789306 -1.186974 -1.394653 -0.459967 -0.666667
1.065864 0.771786 -1.237882 -1.385893 -0.469967 -0.666667
1.008619 0.633361 -1.224260 -1.316680 -0.479967 -0.666667
0.833628 0.391967 -1.151764 -1.195983 -0.489967 -0.666667
0.568300 0.078066 -1.034100 -1.039033 -0.499967 -0.666667
0.246261 -0.275765 -0.888080 -0.862117 -0.509967 -0.666667
-0.102804 -0.644158 -0.728548 -0.677921 -0.519967 -0.666667
-0.460118 -1.013737 -0.564891 -0.493132 -0.529967 -0.666667
-0.818007 -1.377194 -0.400946 -0.311403 -0.539967 -0.666667
-1.166254 -1.717603 -0.241823 -0.141198 -0.549967 -0.666667
-1.483356 -2.005601 -0.098272 0.002801 -0.559967 -0.666667
-1.739596 -2.205734 0.014848 0.102867 -0.569967 -0.666667
-1.905109 -2.286682 0.082605 0.143341 -0.579967 -0.666667
-1.959801 -2.232204 0.094950 0.116102 -0.589967 -0.666667
-1.900663 -2.047563 0.050382 0.023782 -0.599967 -0.666667
-1.742635 -1.757739 -0.043633 -0.121130 -0.609967 -0.666667
-1.512675 -1.398298 -0.173613 -0.300851 -0.619967 -0.666667
-1.240475 -1.003748 -0.324713 -0.498126 -0.629967 -0.666667
-0.950088 -0.598445 -0.484906 -0.700778 -0.639967 -0.666667
-0.654757 -0.193734 -0.647571 -0.903133 -0.649967 -0.666667
-0.360072 0.200580 -0.809914 -1.100290 -0.659967 -0.666667
-0.077415 0.561605 -0.966242 -1.280803 -0.669967 -0.666667
0.172011 0.854444 -1.105956 -1.427222 -0.679967 -0.666667
0.361460 1.040574 -1.215680 -1.520287 -0.689967 -0.666667
0.466460 1.089756 -1.283180 -1.544878 -0.699967 -0.666667
0.473238 0.991047 -1.301569 -1.495523 -0.709967 -0.666667
0.383699 0.757265 -1.271800 -1.378632 -0.719967 -0.666667
0.214340 0.420229 -1.202120 -1.210115 -0.729967 -0.666667
-0.010095 0.019381 -1.104903 -1.009690 -0.739967 -0.666667
-0.264703 -0.410443 -0.992598 -0.794779 -0.749967 -0.666667
-0.531001 -0.847254 -0.874450 -0.576373 -0.759967 -0.666667
-0.800467 -1.281363 -0.754717 -0.359319 -0.769967 -0.666667
-1.068422 -1.698758 -0.635739 -0.150621 -0.779967 -0.666667
-1.323164 -2.070410 -0.523368 0.035205 -0.789967 -0.666667
-1.545184 -2.356640 -0.427358 0.178320 -0.799967 -0.666667
-1.711782 -2.517561 -0.359059 0.258780 -0.809967 -0.666667
-1.804098 -2.526168 -0.327901 0.263084 -0.819967 -0.666667
-1.813739 -2.378517 -0.338081 0.189258 -0.829967 -0.666667
-1.745683 -2.095458 -0.387109 0.047729 -0.839967 -0.666667
-1.616006 -1.714817 -0.466947 -0.142591 -0.849967 -0.666667
-1.445908 -1.278321 -0.566996 -0.360840 -0.859967 -0.666667
-1.255159 -0.819503 -0.677370 -0.590249 -0.869967 -0.666667
-1.057080 -0.356982 -0.791410 -0.821509 -0.879967 -0.666667
-0.856486 0.099830 -0.906707 -1.049915 -0.889967 -0.666667
-0.657570 0.531453 -1.021165 -1.265727 -0.899967 -0.666667
-0.471167 0.903004 -1.129366 -1.451502 -0.909967 -0.666667
-0.313868 1.171256 -1.223016 -1.585628 -0.919967 -0.666667
-0.203698 1.296975 -1.293101 -1.648488 -0.929967 -0.666667
-0.154303 1.258475 -1.332799 -1.629238 -0.939967 -0.666667
-0.170141 1.060004 -1.339879 -1.530002 -0.949967 -0.666667
-0.245133 0.730230 -1.317384 -1.365115 -0.959967 -0.666667
-0.365317 0.311625 -1.272292 -1.155812 -0.969967 -0.666667
-0.513854 -0.153578 -1.213023 -0.923211 -0.979967 -0.666667
-0.675970 -0.634661 -1.146965 -0.682669 -0.989967 -0.666667
-0.842909 -1.116708 -1.078495 -0.441646 -0.999967 -0.666667
-1.012612 -1.588557 -1.008644 -0.205721 -1.009967 -0.666667
-1.181727 -2.024705 -0.939087 0.012352 -1.019967 -0.666667
-1.341521 -2.385149 -0.874190 0.192574 -1.029967 -0.666667
-1.479224 -2.624768 -0.820338 0.312384 -1.039967 -0.666667
-1.581563 -2.707152 -0.784168 0.353576 -1.049967 -0.666667
-1.639131 -2.617712 -0.770385 0.308856 -1.059967 -0.666667
-1.649628 -2.369438 -0.780136 0.184719 -1.069967 -0.666667
-1.618354 -1.997944 -0.810773 -0.001028 -1.079967 -0.666667
-1.555897 -1.548601 -0.857001 -0.225700 -1.089967 -0.666667
-1.474454 -1.062361 -0.912723 -0.468820 -1.099967 -0.666667
-1.384310 -0.565874 -0.972795 -0.717063 -1.109967 -0.666667
-1.290304 -0.070998 -1.034798 -0.964501 -1.119967 -0.666667
-1.192281 0.407373 -1.098809 -1.203687 -1.129967 -0.666667
-1.091892 0.837830 -1.164004 -1.418915 -1.139967 -0.666667
-0.994694 1.176432 -1.227603 -1.588216 -1.149967 -0.666667
-0.909180 1.378130 -1.285360 -1.689065 -1.159967 -0.666667
-0.844380 1.411440 -1.332760 -1.705720 -1.169967 -0.666667
-0.806912 1.270162 -1.366494 -1.635081 -1.179967 -0.666667
-0.798811 0.975865 -1.385545 -1.487932 -1.189967 -0.666667
-0.817152 0.569667 -1.391374 -1.284833 -1.199967 -0.666667
-0.855453 0.097904 -1.387224 -1.048952 -1.209967 -0.666667
-0.905941 -0.401403 -1.376980 -0.799298 -1.219967 -0.666667
-0.962111 -0.906475 -1.363894 -0.546763 -1.229967 -0.666667
-1.022532 -1.406856 -1.348684 -0.296572 -1.239967 -0.666667
-1.089589 -1.882610 -1.330155 -0.058695 -1.249967 -0.666667
-1.164373 -2.297091 -1.307763 0.148545 -1.259967 -0.666667
-1.245248 -2.603989 -1.282326 0.301995 -1.269967 -0.666667
-1.327923 -2.760443 -1.255988 0.380221 -1.279967 -0.666667
-1.406553 -2.741727 -1.231674 0.370864 -1.289967 -0.666667
-1.475549 -2.550675 -1.212176 0.275337 -1.299967 -0.666667
-1.531349 -2.216580 -1.199276 0.108290 -1.309967 -0.666667
-1.573354 -1.784218 -1.193273 -0.107891 -1.319967 -0.666667
-1.603754 -1.298947 -1.193073 -0.350526 -1.329967 -0.666667
-1.626526 -0.794475 -1.196687 -0.602762 -1.339967 -0.666667
-1.645065 -0.287616 -1.202418 -0.856192 -1.349967 -0.666667
-1.657630 0.210350 -1.211135 -1.105175 -1.359967 -0.666667
-1.659077 0.674053 -1.225412 -1.337026 -1.369967 -0.666667
-1.644650 1.062718 -1.247625 -1.531359 -1.379967 -0.666667
-1.611757 1.329532 -1.279072 -1.664766 -1.389967 -0.666667
-1.561126 1.435890 -1.319387 -1.717945 -1.399967 -0.666667
-1.496929 1.365184 -1.366485 -1.682592 -1.409967 -0.666667
-1.425582 1.129207 -1.417159 -1.564604 -1.419967 -0.666667
-1.353663 0.763526 -1.468119 -1.381763 -1.429967 -0.666667
-1.285909 0.314518 -1.516996 -1.157259 -1.439967 -0.666667
-1.224094 -0.175219 -1.562903 -0.912391 -1.449967 -0.666667
-1.167151 -0.677294 -1.606374 -0.661353 -1.459967 -0.666667
-1.114403 -1.179020 -1.647749 -0.410490 -1.469967 -0.666667
-1.070895 -1.666247 -1.684503 -0.166877 -1.479967 -0.666667
-1.045313 -2.108588 -1.712293 0.054294 -1.489967 -0.666667
-1.046700 -2.462609 -1.726600 0.231304 -1.499967 -0.666667
-1.081660 -2.682998 -1.724120 0.341499 -1.509967 -0.666667
-1.151853 -2.737231 -1.704023 0.368616 -1.519967 -0.666667
-1.252987 -2.617550 -1.668457 0.308775 -1.529967 -0.666667
-1.376084 -2.343923 -1.621908 0.171962 -1.539967 -0.666667
-1.510522 -1.956304 -1.569689 -0.021848 -1.549967 -0.666667
-1.647370 -1.500602 -1.516265 -0.249699 -1.559967 -0.666667
-1.781638 -1.015178 -1.464131 -0.492411 -1.569967 -0.666667
-1.912411 -0.522585 -1.413745 -0.738708 -1.579967 -0.666667
-2.037588 -0.033142 -1.366156 -0.983429 -1.589967 -0.666667
-2.148365 0.434930 -1.325767 -1.217465 -1.599967 -0.666667
-2.231755 0.847204 -1.299072 -1.423602 -1.609967 -0.666667
-2.274242 1.159320 -1.292829 -1.579660 -1.619967 -0.666667
-2.265977 1.329447 -1.311962 -1.664723 -1.629967 -0.666667
-2.204516 1.332513 -1.357692 -1.666257 -1.639967 -0.666667
-2.096144 1.169635 -1.426878 -1.584817 -1.649967 -0.666667
-1.953808 0.867553 -1.513046 -1.433776 -1.659967 -0.666667
-1.792654 0.468485 -1.608623 -1.234243 -1.669967 -0.666667
-1.625339 0.015984 -1.707281 -1.007992 -1.679967 -0.666667
-1.459022 -0.456923 -1.805439 -0.771538 -1.689967 -0.666667
-1.295948 -0.933373 -1.901976 -0.533314 -1.699967 -0.666667
-1.141507 -1.403227 -1.994197 -0.298386 -1.709967 -0.666667
-1.008883 -1.844023 -2.075508 -0.077988 -1.719967 -0.666667
-0.915876 -2.218650 -2.137012 0.109325 -1.729967 -0.666667
-0.880150 -2.483685 -2.169875 0.241843 -1.739967 -0.666667
-0.913509 -2.602520 -2.168196 0.301260 -1.749967 -0.666667
-1.017307 -2.558320 -2.131297 0.279160 -1.759967 -0.666667
-1.181544 -2.360386 -2.064178 0.180193 -1.769967 -0.666667
-1.388374 -2.040367 -1.975763 0.020183 -1.779967 -0.666667
-1.618227 -1.640604 -1.875836 -0.179698 -1.789967 -0.666667
-1.855615 -1.200718 -1.772143 -0.399641 -1.799967 -0.666667
-2.092372 -0.747755 -1.668764 -0.626122 -1.809967 -0.666667
-2.325005 -0.293833 -1.567447 -0.853083 -1.819967 -0.666667
-2.544048 0.149222 -1.472926 -1.074611 -1.829967 -0.666667
-2.731329 0.555366 -1.394286 -1.277683 -1.839967 -0.666667
-2.864139 0.886401 -1.342881 -1.443200 -1.849967 -0.666667
-2.921529 1.101671 -1.329185 -1.550835 -1.859967 -0.666667
-2.891451 1.171120 -1.359224 -1.585560 -1.869967 -0.666667
-2.775571 1.086246 -1.432164 -1.543123 -1.879967 -0.666667
-2.588985 0.863217 -1.540458 -1.431608 -1.889967 -0.666667
-2.354785 0.536468 -1.672558 -1.268234 -1.899967 -0.666667
-2.096333 0.146494 -1.816783 -1.073247 -1.909967 -0.666667
-1.830759 -0.272156 -1.964570 -0.863922 -1.919967 -0.666667
-1.566199 -0.698601 -2.111851 -0.650699 -1.929967 -0.666667
-1.308036 -1.123810 -2.255932 -0.438095 -1.939967 -0.666667
-1.070628 -1.533302 -2.389636 -0.233349 -1.949967 -0.666667
-0.877529 -1.898637 -2.501186 -0.050681 -1.959967 -0.666667
-0.755963 -2.182231 -2.576969 0.091115 -1.969967 -0.666667
-0.728782 -2.347807 -2.605559 0.173903 -1.979967 -0.666667
-0.806316 -2.372631 -2.581792 0.186316 -1.989967 -0.666667
-0.982104 -2.255931 -2.508898 0.127966 -1.999967 -0.666667
-1.235090 -2.018950 -2.397405 0.009475 -2.009967 -0.666667
-1.537185 -1.696749 -2.261357 -0.151626 -2.019967 -0.666667
-1.862296 -1.326349 -2.113802 -0.336826 -2.029967 -0.666667
-2.192996 -0.936538 -1.963452 -0.531731 -2.039967 -0.666667
-2.521735 -0.542402 -1.814082 -0.728799 -2.049967 -0.666667
-2.840038 -0.151789 -1.669931 -0.924106 -2.059967 -0.666667
-3.128015 0.218234 -1.540943 -1.109117 -2.069967 -0.666667
-3.356699 0.538281 -1.441600 -1.269140 -2.079967 -0.666667
-3.495274 0.773036 -1.387313 -1.386518 -2.089967 -0.666667
-3.520776 0.891827 -1.389562 -1.445913 -2.099967 -0.666667
-3.426619 0.879356 -1.451640 -1.439678 -2.109967 -0.666667
-3.225455 0.741358 -1.567222 -1.370679 -2.119967 -0.666667
-2.944559 0.502081 -1.722670 -1.251040 -2.129967 -0.666667
-2.616218 0.195224 -1.901841 -1.097612 -2.139967 -0.666667
-2.267898 -0.146849 -2.091001 -0.926575 -2.149967 -0.666667
-1.916012 -0.501341 -2.281944 -0.749329 -2.159967 -0.666667
-1.567780 -0.858027 -2.471060 -0.570987 -2.169967 -0.666667
-1.236117 -1.208745 -2.651891 -0.395628 -2.179967 -0.666667
-0.946791 -1.534679 -2.811554 -0.232660 -2.189967 -0.666667
-0.733751 -1.807040 -2.933074 -0.096480 -2.199967 -0.666667
-0.629982 -1.994228 -2.999959 -0.002886 -2.209967 -0.666667
-0.656507 -2.071861 -3.001697 0.035930 -2.219967 -0.666667
-0.814317 -2.031529 -2.937792 0.015764 -2.229967 -0.666667
-1.083705 -1.883771 -2.818097 -0.058115 -2.239967 -0.666667
-1.431551 -1.653722 -2.659174 -0.173139 -2.249967 -0.666667
-1.822611 -1.372072 -2.478644 -0.313964 -2.259967 -0.666667
-2.229547 -1.065838 -2.290176 -0.467081 -2.269967 -0.666667
-2.637984 -0.752005 -2.100958 -0.623998 -2.279967 -0.666667
-3.039865 -0.437307 -1.915017 -0.781347 -2.289967 -0.666667
-3.416768 -0.130841 -1.741566 -0.934580 -2.299967 -0.666667
-3.737062 0.148081 -1.596419 -1.074040 -2.309967 -0.666667
-3.962755 0.372747 -1.498572 -1.186374 -2.319967 -0.666667
-4.060529 0.516339 -1.464686 -1.258170 -2.329967 -0.666667
-4.013409 0.560845 -1.503245 -1.280423 -2.339967 -0.666667
-3.827469 0.503585 -1.611216 -1.251793 -2.349967 -0.666667
-3.529691 0.357921 -1.775105 -1.178961 -2.359967 -0.666667
-3.158096 0.147919 -1.975902 -1.073960 -2.369967 -0.666667
-2.749345 -0.099929 -2.195277 -0.950036 -2.379967 -0.666667
-2.329161 -0.364151 -2.420370 -0.817925 -2.389967 -0.666667
-1.909494 -0.633040 -2.645203 -0.683480 -2.399967 -0.666667
-1.500995 -0.901947 -2.864452 -0.549026 -2.409967 -0.666667
-1.128167 -1.161128 -3.065866 -0.419436 -2.419967 -0.666667
-0.828051 -1.392160 -3.230924 -0.303920 -2.429967 -0.666667
-0.641261 -1.571672 -3.339319 -0.214164 -2.439967 -0.666667
-0.599354 -1.678189 -3.375273 -0.160905 -2.449967 -0.666667
-0.713311 -1.699509 -3.333295 -0.150245 -2.459967 -0.666667
-0.969081 -1.637063 -3.220409 -0.181468 -2.469967 -0.666667
-1.332847 -1.504995 -3.053526 -0.247503 -2.479967 -0.666667
-1.763100 -1.324688 -2.853400 -0.337656 -2.489967 -0.666667
-2.223426 -1.117772 -2.638237 -0.441114 -2.499967 -0.666667
-2.691029 -0.900386 -2.419436 -0.549807 -2.509967 -0.666667
-3.155809 -0.679768 -2.202046 -0.660116 -2.519967 -0.666667
-3.602769 -0.459449 -1.993565 -0.770276 -2.529967 -0.666667
-4.001283 -0.248900 -1.809308 -0.875550 -2.539967 -0.666667
-4.309820 -0.064335 -1.670040 -0.967832 -2.549967 -0.666667
-4.486966 0.075105 -1.596467 -1.037552 -2.559967 -0.666667
-4.505090 0.153269 -1.602405 -1.076634 -2.569967 -0.666667
-4.360766 0.162627 -1.689567 -1.081313 -2.579967 -0.666667
-4.076268 0.106828 -1.846816 -1.053414 -2.589967 -0.666667
-3.691199 -0.001079 -2.054351 -0.999460 -2.599967 -0.666667
-3.248844 -0.143539 -2.290528 -0.928231 -2.609967 -0.666667
-2.783727 -0.303938 -2.538086 -0.848031 -2.619967 -0.666667
-2.314824 -0.470964 -2.787538 -0.764518 -2.629967 -0.666667
-1.851952 -0.640930 -3.033974 -0.679535 -2.639967 -0.666667
-1.415646 -0.811199 -3.267127 -0.594400 -2.649967 -0.666667
-1.042223 -0.973758 -3.468838 -0.513121 -2.659967 -0.666667
-0.776328 -1.115689 -3.616786 -0.442156 -2.669967 -0.666667
-0.658085 -1.222489 -3.690907 -0.388756 -2.679967 -0.666667
-0.709188 -1.282704 -3.680356 -0.358648 -2.689967 -0.666667
-0.924510 -1.291899 -3.587695 -0.354050 -2.699967 -0.666667
-1.273996 -1.253996 -3.427952 -0.373002 -2.709967 -0.666667
-1.713801 -1.179412 -3.223049 -0.410294 -2.719967 -0.666667
-2.200703 -1.081264 -2.994599 -0.459368 -2.729967 -0.666667
-2.703534 -0.971453 -2.758183 -0.514274 -2.739967 -0.666667
-3.207309 -0.857092 -2.521295 -0.571454 -2.749967 -0.666667
-3.700368 -0.739077 -2.289766 -0.630462 -2.759967 -0.666667
-4.156210 -0.618672 -2.076845 -0.690664 -2.769967 -0.666667
-4.533714 -0.501275 -1.903093 -0.749363 -2.779967 -0.666667
-4.786886 -0.395781 -1.791507 -0.802109 -2.789967 -0.666667
-4.879051 -0.312215 -1.760424 -0.843892 -2.799967 -0.666667
-4.796102 -0.258507 -1.816899 -0.870747 -2.809967 -0.666667
-4.552043 -0.237826 -1.953929 -0.881087 -2.819967 -0.666667
-4.183610 -0.247762 -2.153145 -0.876119 -2.829967 -0.666667
-3.737034 -0.281583 -2.391433 -0.859209 -2.839967 -0.666667
-3.253683 -0.330691 -2.648109 -0.834654 -2.849967 -0.666667
-2.760209 -0.387269 -2.909846 -0.806365 -2.859967 -0.666667
-2.268440 -0.447821 -3.170730 -0.776090 -2.869967 -0.666667
-1.793834 -0.513911 -3.423033 -0.743045 -2.879967 -0.666667
-1.368585 -0.586536 -3.650658 -0.706732 -2.889967 -0.666667
-1.037309 -0.663859 -3.831296 -0.668071 -2.899967 -0.666667
-0.845334 -0.741247 -3.942283 -0.629377 -2.909967 -0.666667
-0.823848 -0.812419 -3.968026 -0.593791 -2.919967 -0.666667
-0.978280 -0.871383 -3.905810 -0.564309 -2.929967 -0.666667
-1.286146 -0.914363 -3.766877 -0.542819 -2.939967 -0.666667
-1.705636 -0.940832 -3.572132 -0.529584 -2.949967 -0.666667
-2.190131 -0.953320 -3.344884 -0.523340 -2.959967 -0.666667
-2.701709 -0.956303 -3.104096 -0.521848 -2.969967 -0.666667
-3.218902 -0.954284 -2.860499 -0.522858 -2.979967 -0.666667
-3.731236 -0.947495 -2.619332 -0.526252 -2.989967 -0.666667
-4.218279 -0.931726 -2.390810 -0.534137 -2.999967 -0.666667
-4.642953 -0.902738 -2.193473 -0.548631 -3.009967 -0.666667
-4.958808 -0.858233 -2.050546 -0.570883 -3.019967 -0.666667
-5.123287 -0.798887 -1.983307 -0.600557 -3.029967 -0.666667
-5.112379 -0.728493 -2.003760 -0.635754 -3.039967 -0.666667
-4.929755 -0.652923 -2.110073 -0.673538 -3.049967 -0.666667
-4.605309 -0.578251 -2.287295 -0.710875 -3.059967 -0.666667
-4.183962 -0.508879 -2.512969 -0.745560 -3.069967 -0.666667
-3.710790 -0.446453 -2.764555 -0.776773 -3.079967 -0.666667
-3.218988 -0.389849 -3.025456 -0.805075 -3.089967 -0.666667
-2.724903 -0.337236 -3.287498 -0.831382 -3.099967 -0.666667
-2.239917 -0.291623 -3.544991 -0.854188 -3.109967 -0.666667
-1.789658 -0.260465 -3.785121 -0.869768 -3.119967 -0.666667
-1.414868 -0.252044 -3.987516 -0.873978 -3.129967 -0.666667
-1.161924 -0.272897 -4.128988 -0.863551 -3.139967 -0.666667
-1.068618 -0.325442 -4.190641 -0.837279 -3.149967 -0.666667
-1.150622 -0.406727 -4.164639 -0.796637 -3.159967 -0.666667
-1.395473 -0.509159 -4.057214 -0.745420 -3.169967 -0.666667
-1.767487 -0.623051 -3.886206 -0.688474 -3.179967 -0.666667
-2.220739 -0.739737 -3.674581 -0.630131 -3.189967 -0.666667
-2.713405 -0.853914 -3.443248 -0.573043 -3.199967 -0.666667
-3.217900 -0.964327 -3.206000 -0.517837 -3.209967 -0.666667
-3.721992 -1.070400 -2.968954 -0.464800 -3.219967 -0.666667
-4.211459 -1.165559 -2.739221 -0.417221 -3.229967 -0.666667
-4.656036 -1.238350 -2.531932 -0.380825 -3.239967 -0.666667
-5.012867 -1.275987 -2.368516 -0.362007 -3.249967 -0.666667
-5.237636 -1.268131 -2.271132 -0.365935 -3.259967 -0.666667
-5.298993 -1.210636 -2.255454 -0.394682 -3.269967 -0.666667
-5.190110 -1.107474 -2.324895 -0.446263 -3.279967 -0.666667
-4.931245 -0.969589 -2.469327 -0.515206 -3.289967 -0.666667
-4.561876 -0.811098 -2.669012 -0.594451 -3.299967 -0.666667
-4.126889 -0.644760 -2.901505 -0.677620 -3.309967 -0.666667
-3.663482 -0.478638 -3.148209 -0.760681 -3.319967 -0.666667
-3.193259 -0.315429 -3.398320 -0.842285 -3.329967 -0.666667
-2.726178 -0.158374 -3.646861 -0.920813 -3.339967 -0.666667
-2.280327 -0.018175 -3.884786 -0.990912 -3.349967 -0.666667
-1.889515 0.089055 -4.095193 -1.044527 -3.359967 -0.666667
-1.596947 0.146031 -4.256476 -1.073015 -3.369967 -0.666667
-1.442990 0.139597 -4.348455 -1.069799 -3.379967 -0.666667
-1.451374 0.065621 -4.359263 -1.032810 -3.389967 -0.666667
-1.620291 -0.069052 -4.289805 -0.965474 -3.399967 -0.666667
-1.923260 -0.248889 -4.153320 -0.875556 -3.409967 -0.666667
-2.319170 -0.455096 -3.970365 -0.772452 -3.419967 -0.666667
-2.765987 -0.671487 -3.761957 -0.664257 -3.429967 -0.666667
-3.232092 -0.888384 -3.543904 -0.555808 -3.439967 -0.666667
-3.701567 -1.102224 -3.324167 -0.448888 -3.449967 -0.666667
-4.164589 -1.306378 -3.107655 -0.346811 -3.459967 -0.666667
-4.599209 -1.485382 -2.905345 -0.257309 -3.469967 -0.666667
-4.969500 -1.618108 -2.735200 -0.190946 -3.479967 -0.666667
-5.233741 -1.683303 -2.618079 -0.158349 -3.489967 -0.666667
-5.357114 -1.666468 -2.571393 -0.166766 -3.499967 -0.666667
-5.324059 -1.565421 -2.602920 -0.217289 -3.509967 -0.666667
-5.144116 -1.391511 -2.707892 -0.304245 -3.519967 -0.666667
-4.848022 -1.165574 -2.870939 -0.417213 -3.529967 -0.666667
-4.476409 -0.910746 -3.071745 -0.544627 -3.539967 -0.666667
-4.067017 -0.645592 -3.291442 -0.677204 -3.549967 -0.666667
-3.645378 -0.380200 -3.517261 -0.809900 -3.559967 -0.666667
-3.222779 -0.119095 -3.743561 -0.940453 -3.569967 -0.666667
-2.810617 0.126777 -3.964642 -1.063388 -3.579967 -0.666667
-2.433908 0.336657 -4.167996 -1.168329 -3.589967 -0.666667
-2.129082 0.484482 -4.335409 -1.242241 -3.599967 -0.666667
-1.934636 0.546103 -4.447632 -1.273051 -3.609967 -0.666667
-1.878711 0.507518 -4.490595 -1.253759 -3.619967 -0.666667
-1.968837 0.370414 -4.460532 -1.185207 -3.629967 -0.666667
-2.189225 0.151855 -4.365338 -1.075927 -3.639967 -0.666667
-2.507037 -0.121910 -4.221432 -0.939045 -3.649967 -0.666667
-2.883993 -0.424238 -4.047954 -0.787881 -3.659967 -0.666667
-3.287644 -0.735480 -3.861128 -0.632260 -3.669967 -0.666667
-3.698573 -1.046136 -3.670663 -0.476932 -3.679967 -0.666667
-4.108462 -1.349858 -3.480719 -0.325071 -3.689967 -0.666667
-4.503578 -1.630527 -3.298161 -0.184736 -3.699967 -0.666667
-4.857090 -1.861829 -3.136405 -0.069086 -3.709967 -0.666667
-5.133738 -2.013350 -3.013081 0.006675 -3.719967 -0.666667
-5.299706 -2.059600 -2.945097 0.029800 -3.729967 -0.666667
-5.334068 -1.989104 -2.942916 -0.005448 -3.739967 -0.666667
-5.236508 -1.809098 -3.006696 -0.095451 -3.749967 -0.666667
-5.027167 -1.543009 -3.126367 -0.228495 -3.759967 -0.666667
-4.738865 -1.222016 -3.285517 -0.388992 -3.769967 -0.666667
-4.406043 -0.875050 -3.466929 -0.562475 -3.779967 -0.666667
-4.055338 -0.521447 -3.657281 -0.739277 -3.789967 -0.666667
-3.700525 -0.169693 -3.849688 -0.915153 -3.799967 -0.666667
-3.348749 0.170660 -4.040576 -1.085330 -3.809967 -0.666667
-3.015842 0.477729 -4.222029 -1.238865 -3.819967 -0.666667
-2.728977 0.719777 -4.380461 -1.359888 -3.829967 -0.666667
-2.520692 0.863155 -4.499604 -1.431577 -3.839967 -0.666667
-2.419095 0.882945 -4.565402 -1.441472 -3.849967 -0.666667
-2.438022 0.772211 -4.570939 -1.386105 -3.859967 -0.666667
-2.571969 0.544970 -4.518966 -1.272485 -3.869967 -0.666667
-2.798533 0.231037 -4.420683 -1.115518 -3.879967 -0.666667
-3.086799 -0.134490 -4.291551 -0.932755 -3.889967 -0.666667
-3.407181 -0.521854 -4.146359 -0.739073 -3.899967 -0.666667
-3.738927 -0.913328 -3.995486 -0.543336 -3.909967 -0.666667
-4.072929 -1.300986 -3.843486 -0.349507 -3.919967 -0.666667
-4.401917 -1.670646 -3.693992 -0.164677 -3.929967 -0.666667
-4.708896 -1.994422 -3.555502 -0.002789 -3.939967 -0.666667
-4.967852 -2.235767 -3.441024 0.117884 -3.949967 -0.666667
-5.150265 -2.359380 -3.364817 0.179690 -3.959967 -0.666667
-5.234189 -2.343029 -3.337855 0.171515 -3.969967 -0.666667
-5.212110 -2.186074 -3.363895 0.093037 -3.979967 -0.666667
-5.093551 -1.909967 -3.438175 -0.045017 -3.989967 -0.666667
-4.901098 -1.550298 -3.549401 -0.224851 -3.999967 -0.666667
-4.662275 -1.144687 -3.683812 -0.427657 -4.009967 -0.666667
-4.401305 -0.722162 -3.829297 -0.638919 -4.019967 -0.666667
-4.133351 -0.297905 -3.978275 -0.851047 -4.029967 -0.666667
-3.864164 0.119344 -4.127868 -1.059672 -4.039967 -0.666667
-3.601552 0.509731 -4.274174 -1.254866 -4.049967 -0.666667
-3.362394 0.839537 -4.408753 -1.419769 -4.059967 -0.666667
-3.170165 1.068513 -4.519868 -1.534257 -4.069967 -0.666667
-3.048500 1.161656 -4.595700 -1.580828 -4.079967 -0.666667
-3.013347 1.101509 -4.628277 -1.550755 -4.089967 -0.666667
-3.067224 0.895040 -4.616338 -1.447520 -4.099967 -0.666667
-3.198598 0.571121 -4.565651 -1.285561 -4.109967 -0.666667
-3.386537 0.169963 -4.486681 -1.084981 -4.119967 -0.666667
-3.607911 -0.269936 -4.390994 -0.865032 -4.129967 -0.666667
-3.843892 -0.721754 -4.288004 -0.639123 -4.139967 -0.666667
-4.084309 -1.173087 -4.182795 -0.413457 -4.149967 -0.666667
-4.325528 -1.612487 -4.077186 -0.193756 -4.159967 -0.666667
-4.559634 -2.013963 -3.975133 0.006981 -4.169967 -0.666667
-4.771208 -2.338573 -3.884346 0.169286 -4.179967 -0.666667
-4.940427 -2.543935 -3.814737 0.271968 -4.189967 -0.666667
-5.048870 -2.597490 -3.775515 0.298745 -4.199967 -0.666667
-5.085809 -2.488409 -3.772046 0.244204 -4.209967 -0.666667
-5.051995 -2.231970 -3.803953 0.115985 -4.219967 -0.666667
-4.958983 -1.863791 -3.865458 -0.068104 -4.229967 -0.666667
-4.824609 -1.427133 -3.947646 -0.286433 -4.239967 -0.666667
-4.667133 -0.959661 -4.041383 -0.520169 -4.249967 -0.666667
-4.500347 -0.484745 -4.139777 -0.757628 -4.259967 -0.666667
-4.330207 -0.012789 -4.239846 -0.993605 -4.269967 -0.666667
-4.158984 0.440294 -4.340458 -1.220147 -4.279967 -0.666667
-3.993723 0.842468 -4.438089 -1.421234 -4.289967 -0.666667
-3.847163 1.150647 -4.526368 -1.575323 -4.299967 -0.666667
-3.734782 1.322239 -4.597559 -1.661119 -4.309967 -0.666667
-3.670049 1.329270 -4.644926 -1.664635 -4.319967 -0.666667
-3.659780 1.168945 -4.665060 -1.584472 -4.329967 -0.666667
-3.701878 0.864865 -4.659011 -1.432433 -4.339967 -0.666667
-3.786516 0.458135 -4.631692 -1.229067 -4.349967 -0.666667
-3.899905 -0.006747 -4.589997 -0.996626 -4.359967 -0.666667
-4.028617 -0.494576 -4.540642 -0.752712 -4.369967 -0.666667
-4.163312 -0.986209 -4.488294 -0.506895 -4.379967 -0.666667
-4.301452 -1.471498 -4.434224 -0.264251 -4.389967 -0.666667
-4.442098 -1.928968 -4.378901 -0.035516 -4.399967 -0.666667
-4.580226 -2.321119 -4.324837 0.160560 -4.409967 -0.666667
-4.706718 -2.602232 -4.276591 0.301116 -4.419967 -0.666667
-4.810621 -2.731629 -4.239639 0.365814 -4.429967 -0.666667
-4.882573 -2.687843 -4.218664 0.343921 -4.439967 -0.666667
-4.917976 -2.476902 -4.215962 0.238451 -4.449967 -0.666667
-4.918391 -2.130053 -4.230755 0.065026 -4.459967 -0.666667
-4.890553 -1.692188 -4.259674 -0.153906 -4.469967 -0.666667
-4.843806 -1.207168 -4.298047 -0.396416 -4.479967 -0.666667
-4.787204 -0.706335 -4.341348 -0.646833 -4.489967 -0.666667
-4.726270 -0.204603 -4.386815 -0.897699 -4.499967 -0.666667
-4.660678 0.285938 -4.434611 -1.142969 -4.509967 -0.666667
-4.589464 0.737975 -4.485218 -1.368987 -4.519967 -0.666667
-4.514559 1.109569 -4.537671 -1.554784 -4.529967 -0.666667
-4.440928 1.354213 -4.589486 -1.677107 -4.539967 -0.666667
-4.375395 1.435285 -4.637252 -1.717642 -4.549967 -0.666667
-4.324566 1.339307 -4.677667 -1.669653 -4.559967 -0.666667
-4.292676 1.081223 -4.708612 -1.540611 -4.569967 -0.666667
-4.280361 0.698626 -4.729769 -1.349313 -4.579967 -0.666667
-4.284819 0.238242 -4.742541 -1.119121 -4.589967 -0.666667
-4.301033 -0.258474 -4.749434 -0.870763 -4.599967 -0.666667
-4.323583 -0.765098 -4.753158 -0.617451 -4.609967 -0.666667
-4.350276 -1.269923 -4.754812 -0.365038 -4.619967 -0.666667
-4.384177 -1.757035 -4.752861 -0.121482 -4.629967 -0.666667
-4.429047 -2.193697 -4.745426 0.096849 -4.639967 -0.666667
-4.486847 -2.534958 -4.731527 0.267479 -4.649967 -0.666667
-4.556784 -2.735571 -4.711558 0.367786 -4.659967 -0.666667
-4.635211 -2.764902 -4.687345 0.382451 -4.669967 -0.666667
-4.716579 -2.618353 -4.661661 0.309177 -4.679967 -0.666667
-4.795196 -2.319155 -4.637352 0.159578 -4.689967 -0.666667
-4.866990 -1.909483 -4.616455 -0.045258 -4.699967 -0.666667
-4.930534 -1.435873 -4.599683 -0.282063 -4.709967 -0.666667
-4.987085 -0.935855 -4.586407 -0.532072 -4.719967 -0.666667
-5.039235 -0.430410 -4.575332 -0.784795 -4.729967 -0.666667
-5.086023 0.070041 -4.566938 -1.035021 -4.739967 -0.666667
-5.121317 0.544734 -4.564292 -1.272367 -4.749967 -0.666667
-5.137655 0.956444 -4.571123 -1.478222 -4.759967 -0.666667
-5.128793 1.258947 -4.590553 -1.629473 -4.769967 -0.666667
-5.091883 1.410325 -4.624008 -1.705162 -4.779967 -0.666667
-5.028832 1.387460 -4.670534 -1.693730 -4.789967 -0.666667
-4.945982 1.194821 -4.726959 -1.597410 -4.799967 -0.666667
-4.852043 0.862655 -4.788929 -1.431327 -4.809967 -0.666667
-4.755246 0.435669 -4.852327 -1.217834 -4.819967 -0.666667
-4.661007 -0.041688 -4.914446 -0.979156 -4.829967 -0.666667
-4.570935 -0.536984 -4.974482 -0.731508 -4.839967 -0.666667
-4.484675 -1.034450 -5.032613 -0.482775 -4.849967 -0.666667
-4.406533 -1.522695 -5.086683 -0.238652 -4.859967 -0.666667
-4.346350 -1.976050 -5.131775 -0.011975 -4.869967 -0.666667
-4.315960 -2.354132 -5.161970 0.177066 -4.879967 -0.666667
-4.325780 -2.611363 -5.172060 0.305681 -4.889967 -0.666667
-4.381223 -2.711043 -5.159338 0.355522 -4.899967 -0.666667
-4.480362 -2.638527 -5.124769 0.319263 -4.909967 -0.666667
-4.614271 -2.406810 -5.072814 0.203405 -4.919967 -0.666667
-4.770092 -2.051389 -5.009904 0.025694 -4.929967 -0.666667
-4.935280 -1.617375 -4.942310 -0.191313 -4.939967 -0.666667
-5.101126 -1.145504 -4.874387 -0.427248 -4.949967 -0.666667
-5.264196 -0.662368 -4.807852 -0.668816 -4.959967 -0.666667
-5.422725 -0.179667 -4.743587 -0.910167 -4.969967 -0.666667
-5.568562 0.288433 -4.685669 -1.144217 -4.979967 -0.666667
-5.687453 0.712060 -4.641224 -1.356030 -4.989967 -0.666667
-5.762904 1.049280 -4.618498 -1.524640 -4.999967 -0.666667
-5.780981 1.257112 -4.624460 -1.628556 -5.009967 -0.666667
-5.735245 1.305580 -4.662328 -1.652790 -5.019967 -0.666667
-5.629540 1.188783 -4.730180 -1.594391 -5.029967 -0.666667
-5.476882 0.927051 -4.821509 -1.463525 -5.039967 -0.666667
-5.294869 0.559045 -4.927515 -1.279522 -5.049967 -0.666667
-5.099969 0.128284 -5.039965 -1.064142 -5.059967 -0.666667
-4.903151 -0.329456 -5.153374 -0.835272 -5.069967 -0.666667
-4.708750 -0.793644 -5.265575 -0.603178 -5.079967 -0.666667
-4.521118 -1.254757 -5.374391 -0.372622 -5.089967 -0.666667
-4.352896 -1.695020 -5.473502 -0.152490 -5.099967 -0.666667
-4.223299 -2.081546 -5.553300 0.040773 -5.109967 -0.666667
-4.153271 -2.372628 -5.603314 0.186314 -5.119967 -0.666667
-4.159082 -2.529654 -5.615409 0.264827 -5.129967 -0.666667
-4.246336 -2.530345 -5.586782 0.265172 -5.139967 -0.666667
-4.407465 -2.377101 -5.521217 0.188550 -5.149967 -0.666667
-4.624313 -2.095868 -5.427794 0.047934 -5.159967 -0.666667
-4.874533 -1.726302 -5.317683 -0.136849 -5.169967 -0.666667
-5.138587 -1.308616 -5.200657 -0.345692 -5.179967 -0.666667
-5.404470 -0.872822 -5.082715 -0.563589 -5.189967 -0.666667
-5.667420 -0.433816 -4.966240 -0.783092 -5.199967 -0.666667
-5.919571 -0.001010 -4.855164 -0.999495 -5.209967 -0.666667
-6.143180 0.404389 -4.758360 -1.202195 -5.219967 -0.666667
-6.313870 0.747959 -4.688015 -1.373980 -5.229967 -0.666667
-6.406985 0.990002 -4.656457 -1.495001 -5.239967 -0.666667
-6.405563 1.097703 -4.672168 -1.548851 -5.249967 -0.666667
-6.306805 1.056795 -4.736547 -1.528397 -5.259967 -0.666667
-6.123513 0.876878 -4.843194 -1.438439 -5.269967 -0.666667
-5.879470 0.587467 -4.980215 -1.293734 -5.279967 -0.666667
-5.601211 0.227158 -5.134344 -1.113579 -5.289967 -0.666667
-5.310161 -0.168446 -5.294870 -0.915777 -5.299967 -0.666667
-5.018132 -0.575451 -5.455884 -0.712275 -5.309967 -0.666667
-4.730602 -0.983458 -5.614649 -0.508271 -5.319967 -0.666667
-4.459995 -1.381638 -5.764952 -0.309181 -5.329967 -0.666667
-4.229602 -1.746264 -5.895149 -0.126868 -5.339967 -0.666667
-4.068691 -2.042994 -5.990604 0.021497 -5.349967 -0.666667
-4.004372 -2.235763 -6.037764 0.117881 -5.359967 -0.666667
-4.052348 -2.298469 -6.028776 0.149235 -5.369967 -0.666667
-4.210736 -2.224485 -5.964582 0.112243 -5.379967 -0.666667
-4.460474 -2.028982 -5.854713 0.014491 -5.389967 -0.666667
-4.772283 -1.742881 -5.713809 -0.128560 -5.399967 -0.666667
-5.116462 -1.401960 -5.556719 -0.299020 -5.409967 -0.666667
-5.471087 -1.036386 -5.394406 -0.481807 -5.419967 -0.666667
-5.825470 -0.664030 -5.232215 -0.667985 -5.429967 -0.666667
-6.172346 -0.292446 -5.073777 -0.853777 -5.439967 -0.666667
-6.493858 0.065569 -4.928021 -1.032784 -5.449967 -0.666667
-6.761050 0.385074 -4.809425 -1.192537 -5.459967 -0.666667
-6.940542 0.633422 -4.734679 -1.316711 -5.469967 -0.666667
-7.004477 0.779465 -4.717712 -1.389733 -5.479967 -0.666667
-6.940479 0.804119 -4.764711 -1.402059 -5.489967 -0.666667
-6.756674 0.707374 -4.871613 -1.353687 -5.499967 -0.666667
-6.478807 0.507999 -5.025547 -1.253999 -5.509967 -0.666667
-6.140941 0.236274 -5.209479 -1.118137 -5.519967 -0.666667
-5.774580 -0.076173 -5.407660 -0.961913 -5.529967 -0.666667
-5.400727 -0.404973 -5.609587 -0.797514 -5.539967 -0.666667
-5.028662 -0.737699 -5.810619 -0.631150 -5.549967 -0.666667
-4.668982 -1.067999 -6.005459 -0.466001 -5.559967 -0.666667
-4.345491 -1.381494 -6.182204 -0.309253 -5.569967 -0.666667
-4.092510 -1.653499 -6.323695 -0.173251 -5.579967 -0.666667
-3.946245 -1.854499 -6.411827 -0.072750 -5.589967 -0.666667
-3.933277 -1.959074 -6.433311 -0.020463 -5.599967 -0.666667
-4.060690 -1.954797 -6.384605 -0.022601 -5.609967 -0.666667
-4.313060 -1.846739 -6.273420 -0.076631 -5.619967 -0.666667
-4.658180 -1.655171 -6.115860 -0.172415 -5.629967 -0.666667
-5.058400 -1.407975 -5.930750 -0.296013 -5.639967 -0.666667
-5.481966 -1.131791 -5.733967 -0.434104 -5.649967 -0.666667
-5.910060 -0.845268 -5.534920 -0.577366 -5.659967 -0.666667
-6.334145 -0.556375 -5.337877 -0.721812 -5.669967 -0.666667
-6.738816 -0.271355 -5.150542 -0.864323 -5.679967 -0.666667
-7.094209 -0.005147 -4.987845 -0.997426 -5.689967 -0.666667
-7.361427 0.219255 -4.869236 -1.109628 -5.699967 -0.666667
-7.503166 0.376593 -4.813367 -1.188297 -5.709967 -0.666667
-7.496262 0.447393 -4.831819 -1.223696 -5.719967 -0.666667
-7.340568 0.424910 -4.924666 -1.212455 -5.729967 -0.666667
-7.059233 0.317415 -5.080334 -1.158708 -5.739967 -0.666667
-6.690089 0.144686 -5.279906 -1.072343 -5.749967 -0.666667
-6.272827 -0.069113 -5.503536 -0.965443 -5.759967 -0.666667
-5.837877 -0.302655 -5.736011 -0.848672 -5.769967 -0.666667
-5.401037 -0.542611 -5.969432 -0.728695 -5.779967 -0.666667
-4.971667 -0.784250 -6.199117 -0.607875 -5.789967 -0.666667
-4.570966 -1.021223 -6.414467 -0.489389 -5.799967 -0.666667
-4.234541 -1.239308 -6.597679 -0.380346 -5.809967 -0.666667
-4.004593 -1.418474 -6.727654 -0.290763 -5.819967 -0.666667
-3.917483 -1.538368 -6.786208 -0.230816 -5.829967 -0.666667
-3.990912 -1.585064 -6.764494 -0.207468 -5.839967 -0.666667
-4.216957 -1.556023 -6.666472 -0.221988 -5.849967 -0.666667
-4.564999 -1.460708 -6.507451 -0.269646 -5.859967 -0.666667
-4.992928 -1.316704 -6.308486 -0.341648 -5.869967 -0.666667
-5.460734 -1.143647 -6.089583 -0.428176 -5.879967 -0.666667
-5.940767 -0.957690 -5.864567 -0.521155 -5.889967 -0.666667
-6.420308 -0.767478 -5.639796 -0.616261 -5.899967 -0.666667
-6.887176 -0.575555 -5.421362 -0.712223 -5.909967 -0.666667
-7.314029 -0.387820 -5.222936 -0.806090 -5.919967 -0.666667
-7.660295 -0.216494 -5.064802 -0.891753 -5.929967 -0.666667
-7.882162 -0.077707 -4.968869 -0.961147 -5.939967 -0.666667
-7.946380 0.013191 -4.951760 -1.006596 -5.949967 -0.666667
-7.842452 0.046833 -5.018724 -1.023417 -5.959967 -0.666667
-7.586849 0.023080 -5.161525 -1.011540 -5.969967 -0.666667
-7.216760 -0.049317 -5.361570 -0.975341 -5.979967 -0.666667
-6.776863 -0.156228 -5.596518 -0.921886 -5.989967 -0.666667
-6.305752 -0.282817 -5.847074 -0.858591 -5.999967 -0.666667
-5.827135 -0.417629 -6.101382 -0.791185 -6.009967 -0.666667
-5.351629 -0.555976 -6.354135 -0.722012 -6.019967 -0.666667
-4.895972 -0.696963 -6.596964 -0.651518 -6.029967 -0.666667
-4.493406 -0.836145 -6.813247 -0.581928 -6.039967 -0.666667
-4.188250 -0.964410 -6.980825 -0.517795 -6.049967 -0.666667
-4.023926 -1.070013 -7.077987 -0.464994 -6.059967 -0.666667
-4.028472 -1.142110 -7.090714 -0.428945 -6.069967 -0.666667
-4.203962 -1.174428 -7.017969 -0.412786 -6.079967 -0.666667
-4.525598 -1.167311 -6.872151 -0.416344 -6.089967 -0.666667
-4.951070 -1.127189 -6.674415 -0.436406 -6.099967 -0.666667
-5.435019 -1.064000 -6.447441 -0.468000 -6.109967 -0.666667
-5.941862 -0.987991 -6.209019 -0.506004 -6.119967 -0.666667
-6.452476 -0.906578 -5.968712 -0.546711 -6.129967 -0.666667
-6.956447 -0.821130 -5.731727 -0.589435 -6.139967 -0.666667
-7.431504 -0.730760 -5.509198 -0.634620 -6.149967 -0.666667
-7.839229 -0.637353 -5.320336 -0.681323 -6.159967 -0.666667
-8.133179 -0.546135 -5.188361 -0.726932 -6.169967 -0.666667
-8.272467 -0.464520 -5.133716 -0.767740 -6.179967 -0.666667
-8.236061 -0.399901 -5.166919 -0.800049 -6.189967 -0.666667
-8.030887 -0.357226 -5.284506 -0.821387 -6.199967 -0.666667
-7.689167 -0.337479 -5.470366 -0.831261 -6.209967 -0.666667
-7.256498 -0.337713 -5.701701 -0.831144 -6.219967 -0.666667
-6.777027 -0.352372 -5.956437 -0.823814 -6.229967 -0.666667
-6.282005 -0.375194 -6.218947 -0.812403 -6.239967 -0.666667
-5.786149 -0.402188 -6.481875 -0.798906 -6.249967 -0.666667
-5.301895 -0.434958 -6.739002 -0.782521 -6.259967 -0.666667
-4.857174 -0.476822 -6.976363 -0.761589 -6.269967 -0.666667
-4.494424 -0.529417 -7.172738 -0.735292 -6.279967 -0.666667
-4.260297 -0.591729 -7.304801 -0.704135 -6.289967 -0.666667
-4.191064 -0.660051 -7.354418 -0.669974 -6.299967 -0.666667
-4.299444 -0.728935 -7.315228 -0.635532 -6.309967 -0.666667
-4.569655 -0.792895 -7.195123 -0.603552 -6.319967 -0.666667
-4.963535 -0.848116 -7.013182 -0.575942 -6.329967 -0.666667
-5.434229 -0.893437 -6.792835 -0.553281 -6.339967 -0.666667
-5.940523 -0.930340 -6.554688 -0.534830 -6.349967 -0.666667
-6.456432 -0.961941 -6.311734 -0.519030 -6.359967 -0.666667
-6.970459 -0.989168 -6.069720 -0.505416 -6.369967 -0.666667
-7.466353 -1.007377 -5.836774 -0.496312 -6.379967 -0.666667
-7.911085 -1.009944 -5.629407 -0.495028 -6.389967 -0.666667
-8.259724 -0.991071 -5.470088 -0.504464 -6.399967 -0.666667
-8.467459 -0.947759 -5.381220 -0.526120 -6.409967 -0.666667
-8.504448 -0.881170 -5.377726 -0.559415 -6.419967 -0.666667
-8.366956 -0.796594 -5.461472 -0.601703 -6.429967 -0.666667
-8.078767 -0.701792 -5.620566 -0.649104 -6.439967 -0.666667
-7.682086 -0.604449 -5.833907 -0.697776 -6.449967 -0.666667
-7.223004 -0.509908 -6.078448 -0.745046 -6.459967 -0.666667
-6.738372 -0.420035 -6.335764 -0.789983 -6.469967 -0.666667
-6.248530 -0.334038 -6.595685 -0.832981 -6.479967 -0.666667
-5.763772 -0.254070 -6.853064 -0.872965 -6.489967 -0.666667
-5.305023 -0.188263 -7.097438 -0.905868 -6.499967 -0.666667
-4.909348 -0.147354 -7.310276 -0.926323 -6.509967 -0.666667
-4.622384 -0.141504 -7.468758 -0.929248 -6.519967 -0.666667
-4.485091 -0.176965 -7.552404 -0.911517 -6.529967 -0.666667
-4.519537 -0.253531 -7.550181 -0.873235 -6.539967 -0.666667
-4.720524 -0.364212 -7.464688 -0.817894 -6.549967 -0.666667
-5.057714 -0.497562 -7.311093 -0.751219 -6.559967 -0.666667
-5.486977 -0.641532 -7.111462 -0.679234 -6.569967 -0.666667
-5.964827 -0.787038 -6.887537 -0.606481 -6.579967 -0.666667
-6.459823 -0.929874 -6.655038 -0.535063 -6.589967 -0.666667
-6.956881 -1.069018 -6.421510 -0.465491 -6.599967 -0.666667
-7.444693 -1.198837 -6.192603 -0.400581 -6.609967 -0.666667
-7.897777 -1.307051 -5.981061 -0.346475 -6.619967 -0.666667
-8.276444 -1.378283 -5.806728 -0.310858 -6.629967 -0.666667
-8.536268 -1.398334 -5.691816 -0.300833 -6.639967 -0.666667
-8.641900 -1.358975 -5.654000 -0.320513 -6.649967 -0.666667
-8.579779 -1.261306 -5.700060 -0.369347 -6.659967 -0.666667
-8.363282 -1.115728 -5.823309 -0.442136 -6.669967 -0.666667
-8.027397 -0.938302 -6.006252 -0.530849 -6.679967 -0.666667
-7.616065 -0.745362 -6.226918 -0.627319 -6.689967 -0.666667
-7.168643 -0.548871 -6.465629 -0.725565 -6.699967 -0.666667
-6.710561 -0.354286 -6.709669 -0.822857 -6.709967 -0.666667
-6.252916 -0.164499 -6.953492 -0.917751 -6.719967 -0.666667
-5.809675 0.010728 -7.190112 -1.005364 -6.729967 -0.666667
-5.410050 0.154328 -7.404925 -1.077164 -6.739967 -0.666667
-5.094700 0.246182 -7.577600 -1.123091 -6.749967 -0.666667
-4.904962 0.268920 -7.687469 -1.134460 -6.759967 -0.666667
-4.869250 0.214027 -7.720325 -1.107014 -6.769967 -0.666667
-4.992581 0.085407 -7.673660 -1.042704 -6.779967 -0.666667
-5.254780 -0.101773 -7.557560 -0.949113 -6.789967 -0.666667
-5.618345 -0.326483 -7.390778 -0.836759 -6.799967 -0.666667
-6.041454 -0.568699 -7.194223 -0.715651 -6.809967 -0.666667
-6.489987 -0.814733 -6.984957 -0.592633 -6.819967 -0.666667
-6.944599 -1.058767 -6.772650 -0.470617 -6.829967 -0.666667
-7.396271 -1.295358 -6.561814 -0.352321 -6.839967 -0.666667
-7.827733 -1.509913 -6.361083 -0.245044 -6.849967 -0.666667
-8.207322 -1.680163 -6.186289 -0.159918 -6.859967 -0.666667
-8.495164 -1.781653 -6.057368 -0.109174 -6.869967 -0.666667
-8.654660 -1.795216 -5.992620 -0.102392 -6.879967 -0.666667
-8.665072 -1.714001 -6.002414 -0.142999 -6.889967 -0.666667
-8.529266 -1.546445 -6.085317 -0.226777 -6.899967 -0.666667
-8.272371 -1.313334 -6.228765 -0.343333 -6.909967 -0.666667
-7.932249 -1.040437 -6.413825 -0.479781 -6.919967 -0.666667
-7.547008 -0.750443 -6.621446 -0.624778 -6.929967 -0.666667
-7.144882 -0.457475 -6.837509 -0.771262 -6.939967 -0.666667
-6.739679 -0.167371 -7.055110 -0.916314 -6.949967 -0.666667
-6.340302 0.110769 -7.269799 -1.055385 -6.959967 -0.666667
-5.966978 0.356946 -7.471461 -1.178473 -6.969967 -0.666667
-5.652313 0.543656 -7.643794 -1.271828 -6.979967 -0.666667
-5.433681 0.643045 -7.768109 -1.321523 -6.989967 -0.666667
-5.341711 0.635941 -7.829094 -1.317970 -6.999967 -0.666667
-5.389382 0.519137 -7.820259 -1.259568 -7.009967 -0.666667
-5.567232 0.306968 -7.746334 -1.153484 -7.019967 -0.666667
-5.847278 0.026088 -7.621311 -1.013044 -7.029967 -0.666667
-6.193269 -0.293766 -7.463316 -0.853117 -7.039967 -0.666667
-6.571961 -0.628553 -7.288969 -0.685724 -7.049967 -0.666667
-6.961213 -0.964933 -7.109343 -0.517534 -7.059967 -0.666667
-7.351554 -1.296563 -6.929173 -0.351718 -7.069967 -0.666667
-7.732871 -1.609549 -6.753515 -0.195226 -7.079967 -0.666667
-8.082988 -1.878148 -6.593456 -0.060926 -7.089967 -0.666667
-8.369954 -2.070078 -6.464973 0.035039 -7.099967 -0.666667
-8.560377 -2.155524 -6.384762 0.077762 -7.109967 -0.666667
-8.630296 -2.117341 -6.364802 0.058670 -7.119967 -0.666667
-8.573891 -1.957775 -6.408005 -0.021112 -7.129967 -0.666667
-8.405464 -1.697885 -6.507218 -0.151057 -7.139967 -0.666667
-8.153719 -1.369821 -6.648090 -0.315090 -7.149967 -0.666667
-7.851669 -1.006087 -6.814115 -0.496956 -7.159967 -0.666667
-7.527034 -0.630631 -6.991433 -0.684684 -7.169967 -0.666667
-7.196092 -0.255151 -7.171904 -0.872425 -7.179967 -0.666667
-6.865568 0.112219 -7.352166 -1.056110 -7.189967 -0.666667
-6.547139 0.451931 -7.526381 -1.225965 -7.199967 -0.666667
-6.263583 0.732534 -7.683159 -1.366267 -7.209967 -0.666667
-6.044667 0.917925 -7.807617 -1.458962 -7.219967 -0.666667
-5.918698 0.978177 -7.885601 -1.489089 -7.229967 -0.666667
-5.902912 0.900250 -7.908494 -1.450125 -7.239967 -0.666667
-5.997175 0.693260 -7.876362 -1.346630 -7.249967 -0.666667
-6.184364 0.385175 -7.797768 -1.192588 -7.259967 -0.666667
-6.437014 0.012717 -7.686443 -1.006358 -7.269967 -0.666667
-6.726514 -0.390329 -7.556693 -0.804835 -7.279967 -0.666667
-7.030854 -0.801542 -7.419523 -0.599229 -7.289967 -0.666667
-7.338979 -1.210982 -7.280461 -0.394509 -7.299967 -0.666667
-7.645420 -1.607045 -7.142240 -0.196477 -7.309967 -0.666667
-7.937473 -1.964105 -7.011214 -0.017948 -7.319967 -0.666667
-8.193192 -2.245472 -6.898354 0.122736 -7.329967 -0.666667
-8.386305 -2.412680 -6.816797 0.206340 -7.339967 -0.666667
-8.494168 -2.437781 -6.777866 0.218890 -7.349967 -0.666667
-8.505688 -2.313738 -6.787106 0.156869 -7.359967 -0.666667
-8.425286 -2.057392 -6.842307 0.028696 -7.369967 -0.666667
-8.270840 -1.703166 -6.934530 -0.148417 -7.379967 -0.666667
-8.066967 -1.290973 -7.051466 -0.354513 -7.389967 -0.666667
-7.837231 -0.854266 -7.181335 -0.572867 -7.399967 -0.666667
-7.598137 -0.412729 -7.315882 -0.793635 -7.409967 -0.666667
-7.356500 0.024583 -7.451700 -1.012291 -7.419967 -0.666667
-7.117401 0.441101 -7.586250 -1.220550 -7.429967 -0.666667
-6.893503 0.805144 -7.713198 -1.402572 -7.439967 -0.666667
-6.704553 1.075741 -7.822674 -1.537870 -7.449967 -0.666667
-6.572402 1.213911 -7.903749 -1.606955 -7.459967 -0.666667
-6.514046 1.195834 -7.947927 -1.597917 -7.469967 -0.666667
-6.535603 1.021981 -7.952149 -1.510991 -7.479967 -0.666667
-6.630292 0.717112 -7.919804 -1.358556 -7.489967 -0.666667
-6.781378 0.321052 -7.859261 -1.160526 -7.499967 -0.666667
-6.968223 -0.124762 -7.780838 -0.937619 -7.509967 -0.666667
-7.172461 -0.588790 -7.693720 -0.705605 -7.519967 -0.666667
-7.382590 -1.054804 -7.603655 -0.472598 -7.529967 -0.666667
-7.594942 -1.512884 -7.512479 -0.243558 -7.539967 -0.666667
-7.804792 -1.940590 -7.422554 -0.029705 -7.549967 -0.666667
-8.000781 -2.300661 -7.339559 0.150331 -7.559967 -0.666667
-8.166493 -2.549263 -7.271703 0.274632 -7.569967 -0.666667
-8.284928 -2.649008 -7.227486 0.324504 -7.579967 -0.666667
-8.344106 -2.582181 -7.212897 0.291091 -7.589967 -0.666667
-8.341280 -2.357693 -7.229310 0.178846 -7.599967 -0.666667
-8.283615 -2.007735 -7.273143 0.003868 -7.609967 -0.666667
-8.185164 -1.576009 -7.337368 -0.211995 -7.619967 -0.666667
-8.061975 -1.103698 -7.413962 -0.448151 -7.629967 -0.666667
-7.927515 -0.619016 -7.496192 -0.690492 -7.639967 -0.666667
-7.788929 -0.134861 -7.580486 -0.932570 -7.649967 -0.666667
-7.647592 0.335915 -7.666154 -1.167958 -7.659967 -0.666667
-7.507217 0.764791 -7.751341 -1.382396 -7.669967 -0.666667
-7.376651 1.109847 -7.831624 -1.554924 -7.679967 -0.666667
-7.268228 1.326193 -7.900836 -1.663096 -7.689967 -0.666667
-7.194237 1.380200 -7.952832 -1.690100 -7.699967 -0.666667
-7.162821 1.261856 -7.983539 -1.630928 -7.709967 -0.666667
-7.175215 0.988765 -7.992343 -1.494383 -7.719967 -0.666667
-7.225666 0.599432 -7.982117 -1.299716 -7.729967 -0.666667
-7.303870 0.139608 -7.958015 -1.069804 -7.739967 -0.666667
-7.398446 -0.351514 -7.925727 -0.824243 -7.749967 -0.666667
-7.500232 -0.850109 -7.889834 -0.574945 -7.759967 -0.666667
-7.605797 -1.345441 -7.852052 -0.327279 -7.769967 -0.666667
-7.715733 -1.820046 -7.812083 -0.089977 -7.779967 -0.666667
-7.828351 -2.239703 -7.770774 0.119852 -7.789967 -0.666667
-7.938289 -2.559192 -7.730805 0.279596 -7.799967 -0.666667
-8.037564 -2.734623 -7.696168 0.367311 -7.809967 -0.666667
-8.117873 -2.738147 -7.671014 0.369073 -7.819967 -0.666667
-8.173310 -2.568483 -7.658295 0.284242 -7.829967 -0.666667
-8.202268 -2.251471 -7.658816 0.125735 -7.839967 -0.666667
-8.207642 -1.830308 -7.671129 -0.084846 -7.849967 -0.666667
-8.195469 -1.350854 -7.692216 -0.324573 -7.859967 -0.666667
-8.172846 -0.848771 -7.718527 -0.575614 -7.869967 -0.666667
-8.145331 -0.342998 -7.747284 -0.828501 -7.879967 -0.666667
-8.113109 0.155865 -7.778396 -1.077932 -7.889967 -0.666667
-8.073339 0.624902 -7.813280 -1.312451 -7.899967 -0.666667
-8.024649 1.025061 -7.852625 -1.512531 -7.909967 -0.666667
-7.968316 1.309539 -7.895792 -1.654769 -7.919967 -0.666667
-7.908259 1.437573 -7.940821 -1.718786 -7.929967 -0.666667
-7.850045 1.388755 -7.984928 -1.694377 -7.939967 -0.666667
-7.799164 1.170879 -8.025368 -1.585439 -7.949967 -0.666667
-7.759300 0.816903 -8.060300 -1.408451 -7.959967 -0.666667
-7.731369 0.372773 -8.089266 -1.186386 -7.969967 -0.666667
-7.713586 -0.117426 -8.113157 -0.941287 -7.979967 -0.666667
-7.702396 -0.622784 -8.133752 -0.688608 -7.989967 -0.666667
-7.695278 -1.128902 -8.152311 -0.435549 -7.999967 -0.666667
-7.695165 -1.623087 -8.167367 -0.188457 -8.009967 -0.666667
-7.707840 -2.077002 -8.176030 0.038501 -8.019967 -0.666667
-7.738575 -2.448039 -8.175663 0.224019 -8.029967 -0.666667
-7.790295 -2.689765 -8.164802 0.344883 -8.039967 -0.666667
-7.862296 -2.766553 -8.143802 0.383277 -8.049967 -0.666667
-7.950106 -2.666542 -8.114897 0.333271 -8.059967 -0.666667
-8.046815 -2.406222 -8.081543 0.203111 -8.069967 -0.666667
-8.145330 -2.024019 -8.047285 0.012009 -8.079967 -0.666667
-8.240525 -1.566554 -8.014687 -0.216723 -8.089967 -0.666667
-8.330428 -1.074482 -7.984736 -0.462759 -8.099967 -0.666667
-8.415961 -0.573149 -7.956969 -0.713426 -8.109967 -0.666667
-8.496829 -0.073763 -7.931535 -0.963118 -8.119967 -0.666667
-8.566735 0.407220 -7.911582 -1.203610 -8.129967 -0.666667
-8.616122 0.836750 -7.901889 -1.418375 -8.139967 -0.666667
-8.635344 1.170266 -7.907278 -1.585133 -8.149967 -0.666667
-8.617701 1.363742 -7.931100 -1.681871 -8.159967 -0.666667
-8.562034 1.388347 -7.973933 -1.694173 -8.169967 -0.666667
-8.473565 1.241208 -8.033168 -1.620604 -8.179967 -0.666667
-8.362257 0.946454 -8.103822 -1.473227 -8.189967 -0.666667
-8.239434 0.545973 -8.180233 -1.272986 -8.199967 -0.666667
-8.114289 0.085055 -8.257806 -1.042527 -8.209967 -0.666667
-7.991678 -0.400398 -8.334111 -0.799801 -8.219967 -0.666667
-7.872496 -0.890824 -8.408702 -0.554588 -8.229967 -0.666667
-7.760080 -1.376132 -8.479910 -0.311934 -8.239967 -0.666667
-7.664629 -1.835425 -8.542636 -0.082287 -8.249967 -0.666667
-7.600176 -2.232106 -8.589862 0.116053 -8.259967 -0.666667
-7.580734 -2.521484 -8.614583 0.260742 -8.269967 -0.666667
-7.615809 -2.663858 -8.612046 0.331929 -8.279967 -0.666667
-7.706695 -2.638342 -8.581603 0.319171 -8.289967 -0.666667
-7.845588 -2.450771 -8.527156 0.225385 -8.299967 -0.666667
-8.018233 -2.131290 -8.455833 0.065645 -8.309967 -0.666667
-8.208814 -1.723099 -8.375543 -0.138450 -8.319967 -0.666667
-8.404708 -1.268395 -8.292596 -0.365803 -8.329967 -0.666667
-8.599272 -0.797414 -8.210314 -0.601293 -8.339967 -0.666667
-8.790206 -0.324472 -8.129847 -0.837764 -8.349967 -0.666667
-8.970526 0.139313 -8.054687 -1.069657 -8.359967 -0.666667
-9.125481 0.568884 -7.992209 -1.284442 -8.369967 -0.666667
-9.236195 0.925576 -7.951853 -1.462788 -8.379967 -0.666667
-9.284819 1.166462 -7.942541 -1.583231 -8.389967 -0.666667
-9.260508 1.257772 -7.969696 -1.628886 -8.399967 -0.666667
-9.163741 1.187071 -8.033079 -1.593535 -8.409967 -0.666667
-9.006516 0.967931 -8.126692 -1.483965 -8.419967 -0.666667
-8.808087 0.634514 -8.240907 -1.317257 -8.429967 -0.666667
-8.588460 0.229245 -8.365720 -1.114622 -8.439967 -0.666667
-8.362673 -0.210173 -8.493614 -0.894913 -8.449967 -0.666667
-8.138039 -0.659622 -8.620931 -0.670189 -8.459967 -0.666667
-7.918508 -1.108670 -8.745696 -0.445665 -8.469967 -0.666667
-7.715485 -1.543697 -8.862208 -0.228152 -8.479967 -0.666667
-7.548827 -1.936433 -8.960537 -0.031784 -8.489967 -0.666667
-7.442168 -2.247827 -9.028866 0.123913 -8.499967 -0.666667
-7.416121 -2.438491 -9.056890 0.219245 -8.509967 -0.666667
-7.481043 -2.481713 -9.039428 0.240857 -8.519967 -0.666667
-7.632798 -2.373310 -8.978551 0.186655 -8.529967 -0.666667
-7.854008 -2.133048 -8.882946 0.066524 -8.539967 -0.666667
-8.120298 -1.796941 -8.764801 -0.101530 -8.549967 -0.666667
-8.408273 -1.404795 -8.635813 -0.297602 -8.559967 -0.666667
-8.701735 -0.988866 -8.504083 -0.505567 -8.569967 -0.666667
-8.993534 -0.567218 -8.373183 -0.716391 -8.579967 -0.666667
-9.277168 -0.148299 -8.246366 -0.925851 -8.589967 -0.666667
-9.536091 0.251329 -8.131905 -1.125664 -8.599967 -0.666667
-9.745060 0.601522 -8.042420 -1.300761 -8.609967 -0.666667
-9.876288 0.864563 -7.991806 -1.432282 -8.619967 -0.666667
-9.907956 1.006099 -7.990972 -1.503049 -8.629967 -0.666667
-9.832191 1.006987 -8.043854 -1.503494 -8.639967 -0.666667
-9.658430 0.870419 -8.145735 -1.435209 -8.649967 -0.666667
-9.410062 0.620414 -8.284919 -1.310207 -8.659967 -0.666667
-9.116115 0.292722 -8.446892 -1.146361 -8.669967 -0.666667
-8.802198 -0.076919 -8.618851 -0.961540 -8.679967 -0.666667
-8.484336 -0.462201 -8.792782 -0.768900 -8.689967 -0.666667
-8.169321 -0.850452 -8.965290 -0.574774 -8.699967 -0.666667
-7.867473 -1.233387 -9.131213 -0.383307 -8.709967 -0.666667
-7.601002 -1.591995 -9.279449 -0.204002 -8.719967 -0.666667
-7.400390 -1.895787 -9.394755 -0.052107 -8.729967 -0.666667
-7.296449 -2.109990 -9.461725 0.054995 -8.739967 -0.666667
-7.310295 -2.206320 -9.469802 0.103160 -8.749967 -0.666667
-7.445341 -2.173047 -9.417279 0.086523 -8.759967 -0.666667
-7.685662 -2.019285 -9.312119 0.009643 -8.769967 -0.666667
-8.001847 -1.771185 -9.169026 -0.114408 -8.779967 -0.666667
-8.361185 -1.462363 -9.004357 -0.268819 -8.789967 -0.666667
-8.737273 -1.123503 -8.831314 -0.438248 -8.799967 -0.666667
-9.115455 -0.774912 -8.657223 -0.612544 -8.809967 -0.666667
-9.488598 -0.425092 -8.485651 -0.787454 -8.819967 -0.666667
-9.841364 -0.083287 -8.324268 -0.958356 -8.829967 -0.666667
-10.145671 0.230134 -8.187115 -1.115067 -8.839967 -0.666667
-10.366432 0.485893 -8.091734 -1.242946 -8.849967 -0.666667
-10.471414 0.653491 -8.054243 -1.326746 -8.859967 -0.666667
-10.442295 0.711172 -8.083803 -1.355586 -8.869967 -0.666667
-10.281830 0.653803 -8.179035 -1.326902 -8.879967 -0.666667
-10.013045 0.494572 -8.328428 -1.247286 -8.889967 -0.666667
-9.670768 0.259673 -8.514566 -1.129836 -8.899967 -0.666667
-9.290035 -0.020882 -8.719933 -0.989559 -8.909967 -0.666667
-8.896546 -0.321948 -8.931677 -0.839026 -8.919967 -0.666667
-8.502837 -0.628881 -9.143531 -0.685559 -8.929967 -0.666667
-8.117863 -0.935839 -9.351018 -0.532081 -8.939967 -0.666667
-7.762798 -1.232458 -9.543551 -0.383771 -8.949967 -0.666667
-7.471410 -1.498377 -9.704245 -0.250811 -8.959967 -0.666667
-7.282250 -1.706954 -9.813825 -0.146523 -8.969967 -0.666667
-7.227014 -1.832863 -9.856443 -0.083569 -8.979967 -0.666667
-7.319169 -1.860696 -9.825365 -0.069652 -8.989967 -0.666667
-7.548541 -1.790549 -9.725680 -0.104726 -8.999967 -0.666667
-7.885051 -1.637636 -9.572424 -0.181182 -9.009967 -0.666667
-8.289587 -1.426353 -9.385156 -0.286823 -9.019967 -0.666667
-8.726380 -1.182127 -9.181760 -0.408936 -9.029967 -0.666667
-9.171847 -0.924538 -8.974026 -0.537731 -9.039967 -0.666667
-9.615516 -0.663259 -8.767192 -0.668370 -9.049967 -0.666667
-10.044824 -0.402780 -8.567538 -0.798610 -9.059967 -0.666667
-10.432444 -0.153923 -8.388728 -0.923038 -9.069967 -0.666667
-10.739560 0.064347 -8.250170 -1.032173 -9.079967 -0.666667
-10.925760 0.229179 -8.172070 -1.114590 -9.089967 -0.666667
-10.962031 0.320769 -8.168935 -1.160384 -9.099967 -0.666667
-10.841562 0.329252 -8.244169 -1.164626 -9.109967 -0.666667
-10.582591 0.258185 -8.388655 -1.129093 -9.119967 -0.666667
-10.221556 0.122803 -8.584172 -1.061401 -9.129967 -0.666667
-9.800320 -0.055739 -8.809790 -0.972131 -9.139967 -0.666667
-9.353728 -0.257059 -9.048086 -0.871470 -9.149967 -0.666667
-8.902106 -0.466806 -9.288897 -0.766597 -9.159967 -0.666667
-8.454942 -0.679331 -9.527479 -0.660334 -9.169967 -0.666667
-8.029895 -0.890853 -9.755002 -0.554574 -9.179967 -0.666667
-7.660275 -1.091191 -9.954813 -0.454404 -9.189967 -0.666667
-7.388829 -1.264044 -10.105536 -0.367978 -9.199967 -0.666667
-7.255878 -1.391080 -10.187011 -0.304460 -9.209967 -0.666667
-7.285626 -1.457753 -10.187137 -0.271123 -9.219967 -0.666667
-7.476890 -1.458413 -10.106505 -0.270793 -9.229967 -0.666667
-7.803405 -1.398126 -9.958248 -0.300937 -9.239967 -0.666667
-8.223633 -1.290372 -9.763134 -0.354814 -9.249967 -0.666667
-8.694725 -1.152131 -9.542587 -0.423935 -9.259967 -0.666667
-9.184328 -0.998771 -9.312786 -0.500614 -9.269967 -0.666667
-9.675958 -0.839989 -9.081971 -0.580005 -9.279967 -0.666667
-10.159198 -0.678350 -8.855351 -0.660825 -9.289967 -0.666667
-10.610498 -0.516798 -8.644701 -0.741601 -9.299967 -0.666667
-10.991188 -0.363639 -8.469356 -0.818180 -9.309967 -0.666667
-11.256142 -0.231539 -8.351879 -0.884230 -9.319967 -0.666667
-11.367277 -0.134110 -8.311312 -0.932945 -9.329967 -0.666667
-11.307078 -0.081484 -8.356411 -0.959258 -9.339967 -0.666667
-11.085451 -0.076811 -8.482224 -0.961594 -9.349967 -0.666667
-10.735960 -0.115433 -8.671970 -0.942284 -9.359967 -0.666667
-10.303568 -0.186981 -8.903166 -0.906509 -9.369967 -0.666667
-9.830289 -0.279062 -9.154805 -0.860469 -9.379967 -0.666667
-9.344642 -0.380871 -9.412629 -0.809565 -9.389967 -0.666667
-8.859578 -0.486733 -9.670161 -0.756634 -9.399967 -0.666667
-8.388545 -0.596519 -9.920678 -0.701740 -9.409967 -0.666667
-7.961058 -0.708859 -10.149421 -0.645570 -9.419967 -0.666667
-7.620079 -0.818427 -10.334911 -0.590787 -9.429967 -0.666667
-7.411217 -0.916755 -10.454342 -0.541623 -9.439967 -0.666667
-7.368176 -0.994570 -10.490862 -0.502715 -9.449967 -0.666667
-7.500350 -1.044799 -10.439775 -0.477600 -9.459967 -0.666667
-7.789094 -1.064913 -10.310403 -0.467544 -9.469967 -0.666667
-8.194860 -1.057494 -10.122520 -0.471253 -9.479967 -0.666667
-8.671184 -1.028940 -9.899358 -0.485530 -9.489967 -0.666667
-9.178596 -0.987179 -9.660652 -0.506411 -9.499967 -0.666667
-9.693370 -0.939138 -9.418265 -0.530431 -9.509967 -0.666667
-10.204732 -0.887009 -9.177584 -0.556496 -9.519967 -0.666667
-10.694609 -0.828606 -8.947645 -0.585697 -9.529967 -0.666667
-11.128051 -0.762730 -8.745924 -0.618635 -9.539967 -0.666667
-11.459280 -0.690901 -8.595310 -0.654549 -9.549967 -0.666667
-11.644290 -0.617346 -8.517805 -0.691327 -9.559967 -0.666667
-11.655672 -0.547942 -8.527114 -0.726029 -9.569967 -0.666667
-11.492977 -0.488408 -8.623462 -0.755796 -9.579967 -0.666667
-11.182901 -0.442482 -8.793499 -0.778759 -9.589967 -0.666667
-10.769203 -0.410913 -9.015348 -0.794544 -9.599967 -0.666667
-10.297879 -0.391578 -9.266011 -0.804211 -9.609967 -0.666667
-9.804383 -0.380468 -9.527758 -0.809766 -9.619967 -0.666667
-9.307309 -0.373806 -9.791295 -0.813097 -9.629967 -0.666667
-8.817373 -0.372611 -10.051264 -0.813694 -9.639967 -0.666667
-8.357961 -0.381784 -10.295969 -0.809108 -9.649967 -0.666667
-7.968462 -0.406049 -10.505719 -0.796975 -9.659967 -0.666667
-7.695676 -0.448101 -10.657112 -0.775949 -9.669967 -0.666667
-7.579913 -0.507436 -10.729993 -0.746282 -9.679967 -0.666667
-7.640790 -0.580149 -10.714555 -0.709925 -9.689967 -0.666667
-7.869706 -0.660025 -10.615097 -0.669988 -9.699967 -0.666667
-8.233224 -0.740544 -10.448338 -0.629728 -9.709967 -0.666667
-8.685411 -0.816893 -10.237245 -0.591554 -9.719967 -0.666667
-9.182586 -0.887139 -10.003657 -0.556431 -9.729967 -0.666667
-9.694423 -0.952231 -9.762739 -0.523885 -9.739967 -0.666667
-10.206943 -1.013292 -9.521479 -0.493354 -9.749967 -0.666667
-10.707292 -1.066009 -9.286304 -0.466995 -9.759967 -0.666667
-11.166960 -1.102048 -9.071470 -0.448976 -9.769967 -0.666667
-11.543504 -1.112463 -8.898198 -0.443769 -9.779967 -0.666667
-11.791073 -1.090440 -8.789413 -0.454780 -9.789967 -0.666667
-11.874952 -1.033824 -8.762474 -0.483088 -9.799967 -0.666667
-11.784212 -0.946297 -8.822844 -0.526851 -9.809967 -0.666667
-11.535903 -0.836356 -8.961999 -0.581822 -9.819967 -0.666667
-11.168396 -0.714438 -9.160752 -0.642781 -9.829967 -0.666667
-10.727713 -0.589596 -9.396094 -0.705202 -9.839967 -0.666667
-10.253641 -0.467149 -9.648130 -0.766426 -9.849967 -0.666667
-9.770712 -0.348241 -9.904594 -0.825880 -9.859967 -0.666667
-9.289768 -0.234350 -10.160066 -0.882825 -9.869967 -0.666667
-8.827324 -0.133487 -10.406288 -0.933256 -9.879967 -0.666667
-8.416176 -0.058194 -10.626862 -0.970903 -9.889967 -0.666667
-8.100155 -0.021927 -10.799873 -0.989037 -9.899967 -0.666667
-7.922171 -0.034972 -10.903865 -0.982514 -9.909967 -0.666667
-7.909850 -0.100619 -10.925025 -0.949691 -9.919967 -0.666667
-8.065226 -0.213530 -10.862337 -0.893235 -9.929967 -0.666667
-8.364059 -0.361431 -10.727920 -0.819285 -9.939967 -0.666667
-8.765124 -0.529363 -10.542388 -0.735318 -9.949967 -0.666667
-9.224279 -0.704393 -10.327811 -0.647804 -9.959967 -0.666667
-9.706822 -0.878822 -10.101539 -0.560589 -9.969967 -0.666667
-10.194094 -1.050195 -9.872903 -0.474902 -9.979967 -0.666667
-10.676280 -1.213996 -9.646810 -0.393002 -9.989967 -0.666667
-11.132713 -1.357913 -9.433594 -0.321044 -9.999967 -0.666667
