2.029054 -0.060072 -1.029477 -0.969964 -0.009967 -0.666667
2.056514 -0.120848 -1.058207 -0.939576 -0.019967 -0.666667
2.082295 -0.182065 -1.086098 -0.908967 -0.029967 -0.666667
2.106417 -0.243664 -1.113158 -0.878168 -0.039967 -0.666667
2.128898 -0.305586 -1.139399 -0.847207 -0.049967 -0.666667
2.149762 -0.367776 -1.164831 -0.816112 -0.059967 -0.666667
2.169032 -0.430183 -1.189466 -0.784909 -0.069967 -0.666667
2.186732 -0.492755 -1.213316 -0.753623 -0.079967 -0.666667
2.202888 -0.555446 -1.236394 -0.722277 -0.089967 -0.666667
2.217529 -0.618211 -1.258714 -0.690895 -0.099967 -0.666667
2.230681 -0.681006 -1.280290 -0.659497 -0.109967 -0.666667
2.242372 -0.743794 -1.301136 -0.628103 -0.119967 -0.666667
2.252633 -0.806534 -1.321266 -0.596733 -0.129967 -0.666667
2.261491 -0.869193 -1.340696 -0.565404 -0.139967 -0.666667
2.268978 -0.931736 -1.359439 -0.534132 -0.149967 -0.666667
2.275121 -0.994132 -1.377510 -0.502934 -0.159967 -0.666667
2.279950 -1.056351 -1.394925 -0.471824 -0.169967 -0.666667
2.283496 -1.118367 -1.411698 -0.440817 -0.179967 -0.666667
2.285788 -1.180152 -1.427844 -0.409924 -0.189967 -0.666667
2.286854 -1.241684 -1.443377 -0.379158 -0.199967 -0.666667
2.286723 -1.302939 -1.458312 -0.348531 -0.209967 -0.666667
2.285425 -1.363896 -1.472663 -0.318052 -0.219967 -0.666667
2.282988 -1.424537 -1.486444 -0.287732 -0.229967 -0.666667
2.279438 -1.484842 -1.499669 -0.257579 -0.239967 -0.666667
2.274804 -1.544796 -1.512352 -0.227602 -0.249967 -0.666667
2.269113 -1.604381 -1.524506 -0.197809 -0.259967 -0.666667
2.262390 -1.663585 -1.536145 -0.168208 -0.269967 -0.666667
2.254663 -1.722393 -1.547281 -0.138804 -0.279967 -0.666667
2.245955 -1.780793 -1.557928 -0.109604 -0.289967 -0.666667
2.236294 -1.838773 -1.568097 -0.080613 -0.299967 -0.666667
2.225701 -1.896324 -1.577801 -0.051838 -0.309967 -0.666667
2.214203 -1.953435 -1.587051 -0.023282 -0.319967 -0.666667
2.201821 -2.010098 -1.595861 0.005049 -0.329967 -0.666667
2.188579 -2.066305 -1.604240 0.033152 -0.339967 -0.666667
2.174499 -2.122047 -1.612200 0.061024 -0.349967 -0.666667
2.159603 -2.177320 -1.619751 0.088660 -0.359967 -0.666667
2.143911 -2.232115 -1.626906 0.116058 -0.369967 -0.666667
2.127446 -2.286429 -1.633673 0.143214 -0.379967 -0.666667
2.110226 -2.340255 -1.640063 0.170128 -0.389967 -0.666667
2.092271 -2.393590 -1.646086 0.196795 -0.399967 -0.666667
2.073602 -2.446429 -1.651751 0.223215 -0.409967 -0.666667
2.054236 -2.498769 -1.657068 0.249385 -0.419967 -0.666667
2.034191 -2.550607 -1.662045 0.275304 -0.429967 -0.666667
2.013486 -2.601940 -1.666693 0.300970 -0.439967 -0.666667
1.992137 -2.652765 -1.671019 0.326383 -0.449967 -0.666667
1.970162 -2.703082 -1.675031 0.351541 -0.459967 -0.666667
1.947577 -2.752887 -1.678739 0.376443 -0.469967 -0.666667
1.924399 -2.802179 -1.682149 0.401089 -0.479967 -0.666667
1.900641 -2.850958 -1.685271 0.425479 -0.489967 -0.666667
1.876321 -2.899222 -1.688110 0.449611 -0.499967 -0.666667
1.851452 -2.946971 -1.690676 0.473485 -0.509967 -0.666667
1.826048 -2.994204 -1.692974 0.497102 -0.519967 -0.666667
1.800125 -3.040921 -1.695013 0.520461 -0.529967 -0.666667
1.773696 -3.087123 -1.696798 0.543561 -0.539967 -0.666667
1.746773 -3.132808 -1.698337 0.566404 -0.549967 -0.666667
1.719370 -3.177978 -1.699635 0.588989 -0.559967 -0.666667
1.691500 -3.222633 -1.700700 0.611317 -0.569967 -0.666667
1.663175 -3.266774 -1.701537 0.633387 -0.579967 -0.666667
1.634406 -3.310401 -1.702153 0.655201 -0.589967 -0.666667
1.605206 -3.353515 -1.702553 0.676758 -0.599967 -0.666667
1.575586 -3.396118 -1.702743 0.698059 -0.609967 -0.666667
1.545557 -3.438209 -1.702728 0.719105 -0.619967 -0.666667
1.515130 -3.479792 -1.702515 0.739896 -0.629967 -0.666667
1.484315 -3.520865 -1.702107 0.760433 -0.639967 -0.666667
1.453122 -3.561432 -1.701511 0.780716 -0.649967 -0.666667
1.421563 -3.601494 -1.700731 0.800747 -0.659967 -0.666667
1.389646 -3.641051 -1.699773 0.820525 -0.669967 -0.666667
1.357381 -3.680106 -1.698640 0.840053 -0.679967 -0.666667
1.324777 -3.718660 -1.697338 0.859330 -0.689967 -0.666667
1.291844 -3.756714 -1.695872 0.878357 -0.699967 -0.666667
1.258590 -3.794271 -1.694245 0.897136 -0.709967 -0.666667
1.225024 -3.831333 -1.692462 0.915666 -0.719967 -0.666667
1.191154 -3.867900 -1.690527 0.933950 -0.729967 -0.666667
1.156989 -3.903976 -1.688444 0.951988 -0.739967 -0.666667
1.122537 -3.939561 -1.686218 0.969780 -0.749967 -0.666667
1.087805 -3.974658 -1.683852 0.987329 -0.759967 -0.666667
1.052801 -4.009268 -1.681351 1.004634 -0.769967 -0.666667
1.017534 -4.043394 -1.678717 1.021697 -0.779967 -0.666667
0.982009 -4.077037 -1.675955 1.038518 -0.789967 -0.666667
0.946235 -4.110199 -1.673067 1.055100 -0.799967 -0.666667
0.910218 -4.142883 -1.670059 1.071442 -0.809967 -0.666667
0.873965 -4.175090 -1.666932 1.087545 -0.819967 -0.666667
0.837483 -4.206823 -1.663691 1.103412 -0.829967 -0.666667
0.800778 -4.238083 -1.660339 1.119042 -0.839967 -0.666667
0.763857 -4.268872 -1.656878 1.134436 -0.849967 -0.666667
0.726726 -4.299193 -1.653313 1.149597 -0.859967 -0.666667
0.689391 -4.329047 -1.649646 1.164524 -0.869967 -0.666667
0.651859 -4.358437 -1.645879 1.179219 -0.879967 -0.666667
0.614134 -4.387364 -1.642017 1.193682 -0.889967 -0.666667
0.576224 -4.415831 -1.638062 1.207915 -0.899967 -0.666667
0.538133 -4.443839 -1.634016 1.221920 -0.909967 -0.666667
0.499866 -4.471391 -1.629883 1.235695 -0.919967 -0.666667
0.461431 -4.498488 -1.625665 1.249244 -0.929967 -0.666667
0.422831 -4.525133 -1.621365 1.262566 -0.939967 -0.666667
0.384071 -4.551327 -1.616986 1.275663 -0.949967 -0.666667
0.345158 -4.577073 -1.612529 1.288536 -0.959967 -0.666667
0.306096 -4.602372 -1.607998 1.301186 -0.969967 -0.666667
0.266889 -4.627226 -1.603395 1.313613 -0.979967 -0.666667
0.227544 -4.651639 -1.598722 1.325819 -0.989967 -0.666667
0.188063 -4.675610 -1.593982 1.337805 -0.999967 -0.666667
0.148453 -4.699143 -1.589176 1.349571 -1.009967 -0.666667
0.108717 -4.722238 -1.584308 1.361119 -1.019967 -0.666667
0.068860 -4.744899 -1.579380 1.372450 -1.029967 -0.666667
0.028886 -4.767127 -1.574393 1.383564 -1.039967 -0.666667
-0.011200 -4.788924 -1.569350 1.394462 -1.049967 -0.666667
-0.051394 -4.810292 -1.564253 1.405146 -1.059967 -0.666667
-0.091692 -4.831232 -1.559104 1.415616 -1.069967 -0.666667
-0.132090 -4.851746 -1.553905 1.425873 -1.079967 -0.666667
-0.172584 -4.871837 -1.548658 1.435919 -1.089967 -0.666667
-0.213171 -4.891506 -1.543365 1.445753 -1.099967 -0.666667
-0.253845 -4.910755 -1.538027 1.455378 -1.109967 -0.666667
-0.294604 -4.929586 -1.532648 1.464793 -1.119967 -0.666667
-0.335443 -4.947999 -1.527228 1.474000 -1.129967 -0.666667
-0.376360 -4.965999 -1.521770 1.482999 -1.139967 -0.666667
-0.417350 -4.983584 -1.516275 1.491792 -1.149967 -0.666667
-0.458409 -5.000759 -1.510745 1.500380 -1.159967 -0.666667
-0.499535 -5.017524 -1.505182 1.508762 -1.169967 -0.666667
-0.540724 -5.033881 -1.499588 1.516940 -1.179967 -0.666667
-0.581972 -5.049831 -1.493964 1.524916 -1.189967 -0.666667
-0.623277 -5.065377 -1.488312 1.532689 -1.199967 -0.666667
-0.664634 -5.080520 -1.482633 1.540260 -1.209967 -0.666667
-0.706041 -5.095262 -1.476929 1.547631 -1.219967 -0.666667
-0.747494 -5.109603 -1.471203 1.554802 -1.229967 -0.666667
-0.788991 -5.123547 -1.465455 1.561773 -1.239967 -0.666667
-0.830528 -5.137093 -1.459686 1.568547 -1.249967 -0.666667
-0.872101 -5.150245 -1.453899 1.575123 -1.259967 -0.666667
-0.913709 -5.163003 -1.448095 1.581502 -1.269967 -0.666667
-0.955348 -5.175370 -1.442276 1.587685 -1.279967 -0.666667
-0.997015 -5.187345 -1.436442 1.593673 -1.289967 -0.666667
-1.038707 -5.198932 -1.430596 1.599466 -1.299967 -0.666667
-1.080422 -5.210131 -1.424739 1.605066 -1.309967 -0.666667
-1.122156 -5.220944 -1.418872 1.610472 -1.319967 -0.666667
-1.163907 -5.231373 -1.412997 1.615686 -1.329967 -0.666667
-1.205671 -5.241418 -1.407114 1.620709 -1.339967 -0.666667
-1.247447 -5.251081 -1.401226 1.625541 -1.349967 -0.666667
-1.289232 -5.260365 -1.395334 1.630182 -1.359967 -0.666667
-1.331022 -5.269269 -1.389439 1.634634 -1.369967 -0.666667
-1.372815 -5.277795 -1.383542 1.638898 -1.379967 -0.666667
-1.414609 -5.285946 -1.377645 1.642973 -1.389967 -0.666667
-1.456401 -5.293721 -1.371749 1.646861 -1.399967 -0.666667
-1.498189 -5.301123 -1.365856 1.650561 -1.409967 -0.666667
-1.539969 -5.308152 -1.359965 1.654076 -1.419967 -0.666667
-1.581740 -5.314811 -1.354080 1.657406 -1.429967 -0.666667
-1.623499 -5.321100 -1.348201 1.660550 -1.439967 -0.666667
-1.665243 -5.327020 -1.342329 1.663510 -1.449967 -0.666667
-1.706970 -5.332574 -1.336465 1.666287 -1.459967 -0.666667
-1.748678 -5.337761 -1.330611 1.668881 -1.469967 -0.666667
-1.790364 -5.342584 -1.324768 1.671292 -1.479967 -0.666667
-1.832026 -5.347043 -1.318937 1.673522 -1.489967 -0.666667
-1.873662 -5.351140 -1.313119 1.675570 -1.499967 -0.666667
-1.915269 -5.354876 -1.307316 1.677438 -1.509967 -0.666667
-1.956844 -5.358252 -1.301528 1.679126 -1.519967 -0.666667
-1.998386 -5.361269 -1.295757 1.680634 -1.529967 -0.666667
-2.039893 -5.363928 -1.290004 1.681964 -1.539967 -0.666667
-2.081361 -5.366231 -1.284269 1.683116 -1.549967 -0.666667
-2.122790 -5.368179 -1.278555 1.684089 -1.559967 -0.666667
-2.164176 -5.369772 -1.272862 1.684886 -1.569967 -0.666667
-2.205517 -5.371012 -1.267191 1.685506 -1.579967 -0.666667
-2.246812 -5.371900 -1.261544 1.685950 -1.589967 -0.666667
-2.288057 -5.372437 -1.255921 1.686218 -1.599967 -0.666667
-2.329252 -5.372624 -1.250324 1.686312 -1.609967 -0.666667
-2.370393 -5.372462 -1.244754 1.686231 -1.619967 -0.666667
-2.411478 -5.371952 -1.239211 1.685976 -1.629967 -0.666667
-2.452506 -5.371095 -1.233697 1.685548 -1.639967 -0.666667
-2.493474 -5.369893 -1.228213 1.684946 -1.649967 -0.666667
-2.534381 -5.368345 -1.222760 1.684173 -1.659967 -0.666667
-2.575223 -5.366454 -1.217339 1.683227 -1.669967 -0.666667
-2.615999 -5.364219 -1.211950 1.682110 -1.679967 -0.666667
-2.656708 -5.361643 -1.206596 1.680821 -1.689967 -0.666667
-2.697345 -5.358726 -1.201277 1.679363 -1.699967 -0.666667
-2.737911 -5.355468 -1.195994 1.677734 -1.709967 -0.666667
-2.778402 -5.351872 -1.190749 1.675936 -1.719967 -0.666667
-2.818817 -5.347937 -1.185541 1.673968 -1.729967 -0.666667
-2.859154 -5.343665 -1.180373 1.671832 -1.739967 -0.666667
-2.899410 -5.339056 -1.175245 1.669528 -1.749967 -0.666667
-2.939583 -5.334112 -1.170158 1.667056 -1.759967 -0.666667
-2.979672 -5.328833 -1.165114 1.664417 -1.769967 -0.666667
-3.019674 -5.323221 -1.160113 1.661610 -1.779967 -0.666667
-3.059588 -5.317275 -1.155156 1.658638 -1.789967 -0.666667
-3.099411 -5.310998 -1.150245 1.655499 -1.799967 -0.666667
-3.139141 -5.304389 -1.145379 1.652194 -1.809967 -0.666667
-3.178777 -5.297450 -1.140562 1.648725 -1.819967 -0.666667
-3.218316 -5.290181 -1.135792 1.645090 -1.829967 -0.666667
-3.257756 -5.282583 -1.131072 1.641292 -1.839967 -0.666667
-3.297095 -5.274658 -1.126402 1.637329 -1.849967 -0.666667
-3.336332 -5.266405 -1.121784 1.633203 -1.859967 -0.666667
-3.375464 -5.257826 -1.117218 1.628913 -1.869967 -0.666667
-3.414489 -5.248921 -1.112706 1.624461 -1.879967 -0.666667
-3.453405 -5.239692 -1.108247 1.619846 -1.889967 -0.666667
-3.492211 -5.230138 -1.103845 1.615069 -1.899967 -0.666667
-3.530903 -5.220261 -1.099498 1.610130 -1.909967 -0.666667
-3.569481 -5.210061 -1.095209 1.605031 -1.919967 -0.666667
-3.607942 -5.199540 -1.090979 1.599770 -1.929967 -0.666667
-3.646284 -5.188697 -1.086808 1.594349 -1.939967 -0.666667
-3.684505 -5.177534 -1.082697 1.588767 -1.949967 -0.666667
-3.722604 -5.166051 -1.078648 1.583026 -1.959967 -0.666667
-3.760577 -5.154250 -1.074661 1.577125 -1.969967 -0.666667
-3.798423 -5.142130 -1.070738 1.571065 -1.979967 -0.666667
-3.836141 -5.129692 -1.066880 1.564846 -1.989967 -0.666667
-3.873727 -5.116938 -1.063087 1.558469 -1.999967 -0.666667
-3.911180 -5.103867 -1.059360 1.551933 -2.009967 -0.666667
-3.948498 -5.090481 -1.055701 1.545240 -2.019967 -0.666667
-3.985678 -5.076779 -1.052111 1.538390 -2.029967 -0.666667
-4.022720 -5.062764 -1.048590 1.531382 -2.039967 -0.666667
-4.059619 -5.048435 -1.045140 1.524217 -2.049967 -0.666667
-4.096376 -5.033793 -1.041762 1.516897 -2.059967 -0.666667
-4.132986 -5.018839 -1.038457 1.509419 -2.069967 -0.666667
-4.169449 -5.003573 -1.035225 1.501787 -2.079967 -0.666667
-4.205762 -4.987996 -1.032069 1.493998 -2.089967 -0.666667
-4.241924 -4.972109 -1.028988 1.486055 -2.099967 -0.666667
-4.277931 -4.955912 -1.025985 1.477956 -2.109967 -0.666667
-4.313781 -4.939406 -1.023059 1.469703 -2.119967 -0.666667
-4.349474 -4.922592 -1.020213 1.461296 -2.129967 -0.666667
-4.385006 -4.905470 -1.017447 1.452735 -2.139967 -0.666667
-4.420375 -4.888040 -1.014763 1.444020 -2.149967 -0.666667
-4.455579 -4.870304 -1.012160 1.435152 -2.159967 -0.666667
-4.490616 -4.852261 -1.009642 1.426131 -2.169967 -0.666667
-4.525484 -4.833913 -1.007208 1.416957 -2.179967 -0.666667
-4.560180 -4.815261 -1.004860 1.407630 -2.189967 -0.666667
-4.594702 -4.796304 -1.002599 1.398152 -2.199967 -0.666667
-4.629048 -4.777043 -1.000426 1.388522 -2.209967 -0.666667
-4.663216 -4.757479 -0.998342 1.378740 -2.219967 -0.666667
-4.697203 -4.737613 -0.996349 1.368807 -2.229967 -0.666667
-4.731007 -4.717445 -0.994446 1.358722 -2.239967 -0.666667
-4.764626 -4.696975 -0.992637 1.348488 -2.249967 -0.666667
-4.798057 -4.676205 -0.990922 1.338103 -2.259967 -0.666667
-4.831298 -4.655135 -0.989301 1.327567 -2.269967 -0.666667
-4.864347 -4.633764 -0.987777 1.316882 -2.279967 -0.666667
-4.897201 -4.612095 -0.986350 1.306048 -2.289967 -0.666667
-4.929857 -4.590128 -0.985021 1.295064 -2.299967 -0.666667
-4.962314 -4.567862 -0.983793 1.283931 -2.309967 -0.666667
-4.994569 -4.545300 -0.982665 1.272650 -2.319967 -0.666667
-5.026620 -4.522440 -0.981640 1.261220 -2.329967 -0.666667
-5.058463 -4.499285 -0.980719 1.249642 -2.339967 -0.666667
-5.090096 -4.475834 -0.979902 1.237917 -2.349967 -0.666667
-5.121518 -4.452088 -0.979191 1.226044 -2.359967 -0.666667
-5.152724 -4.428048 -0.978588 1.214024 -2.369967 -0.666667
-5.183714 -4.403713 -0.978093 1.201857 -2.379967 -0.666667
-5.214483 -4.379086 -0.977709 1.189543 -2.389967 -0.666667
-5.245030 -4.354166 -0.977435 1.177083 -2.399967 -0.666667
-5.275351 -4.328954 -0.977274 1.164477 -2.409967 -0.666667
-5.305445 -4.303451 -0.977228 1.151725 -2.419967 -0.666667
-5.335307 -4.277657 -0.977296 1.138828 -2.429967 -0.666667
-5.364937 -4.251573 -0.977482 1.125786 -2.439967 -0.666667
-5.394330 -4.225199 -0.977785 1.112599 -2.449967 -0.666667
-5.423484 -4.198536 -0.978208 1.099268 -2.459967 -0.666667
-5.452396 -4.171585 -0.978752 1.085793 -2.469967 -0.666667
-5.481063 -4.144346 -0.979419 1.072173 -2.479967 -0.666667
-5.509482 -4.116821 -0.980209 1.058410 -2.489967 -0.666667
-5.537651 -4.089008 -0.981124 1.044504 -2.499967 -0.666667
-5.565566 -4.060911 -0.982167 1.030455 -2.509967 -0.666667
-5.593225 -4.032528 -0.983337 1.016264 -2.519967 -0.666667
-5.620624 -4.003860 -0.984638 1.001930 -2.529967 -0.666667
-5.647760 -3.974909 -0.986070 0.987455 -2.539967 -0.666667
-5.674631 -3.945675 -0.987635 0.972838 -2.549967 -0.666667
-5.701232 -3.916159 -0.989334 0.958080 -2.559967 -0.666667
-5.727561 -3.886361 -0.991169 0.943181 -2.569967 -0.666667
-5.753615 -3.856282 -0.993143 0.928141 -2.579967 -0.666667
-5.779390 -3.825924 -0.995255 0.912962 -2.589967 -0.666667
-5.804883 -3.795285 -0.997509 0.897643 -2.599967 -0.666667
-5.830091 -3.764369 -0.999905 0.882184 -2.609967 -0.666667
-5.855009 -3.733174 -1.002445 0.866587 -2.619967 -0.666667
-5.879636 -3.701703 -1.005132 0.850851 -2.629967 -0.666667
-5.903967 -3.669955 -1.007967 0.834977 -2.639967 -0.666667
-5.927999 -3.637932 -1.010951 0.818966 -2.649967 -0.666667
-5.951727 -3.605634 -1.014086 0.802817 -2.659967 -0.666667
-5.975150 -3.573063 -1.017375 0.786531 -2.669967 -0.666667
-5.998262 -3.540219 -1.020819 0.770110 -2.679967 -0.666667
-6.021060 -3.507103 -1.024420 0.753552 -2.689967 -0.666667
-6.043541 -3.473717 -1.028179 0.736858 -2.699967 -0.666667
-6.065700 -3.440060 -1.032100 0.720030 -2.709967 -0.666667
-6.087534 -3.406135 -1.036183 0.703068 -2.719967 -0.666667
-6.109039 -3.371942 -1.040431 0.685971 -2.729967 -0.666667
-6.130210 -3.337482 -1.044845 0.668741 -2.739967 -0.666667
-6.151044 -3.302756 -1.049428 0.651378 -2.749967 -0.666667
-6.171536 -3.267766 -1.054182 0.633883 -2.759967 -0.666667
-6.191683 -3.232512 -1.059109 0.616256 -2.769967 -0.666667
-6.211480 -3.196995 -1.064210 0.598498 -2.779967 -0.666667
-6.230922 -3.161217 -1.069489 0.580609 -2.789967 -0.666667
-6.250006 -3.125180 -1.074947 0.562590 -2.799967 -0.666667
-6.268727 -3.088884 -1.080586 0.544442 -2.809967 -0.666667
-6.287081 -3.052330 -1.086410 0.526165 -2.819967 -0.666667
-6.305062 -3.015520 -1.092419 0.507760 -2.829967 -0.666667
-6.322666 -2.978456 -1.098617 0.489228 -2.839967 -0.666667
-6.339890 -2.941139 -1.105005 0.470569 -2.849967 -0.666667
-6.356727 -2.903569 -1.111587 0.451785 -2.859967 -0.666667
-6.373172 -2.865750 -1.118364 0.432875 -2.869967 -0.666667
-6.389222 -2.827682 -1.125339 0.413841 -2.879967 -0.666667
-6.404871 -2.789367 -1.132515 0.394684 -2.889967 -0.666667
-6.420113 -2.750807 -1.139893 0.375403 -2.899967 -0.666667
-6.434944 -2.712003 -1.147478 0.356002 -2.909967 -0.666667
-6.449359 -2.672958 -1.155270 0.336479 -2.919967 -0.666667
-6.463352 -2.633672 -1.163274 0.316836 -2.929967 -0.666667
-6.476917 -2.594149 -1.171492 0.297074 -2.939967 -0.666667
-6.490049 -2.554390 -1.179926 0.277195 -2.949967 -0.666667
-6.502743 -2.514397 -1.188579 0.257198 -2.959967 -0.666667
-6.514992 -2.474172 -1.197454 0.237086 -2.969967 -0.666667
-6.526791 -2.433718 -1.206554 0.216859 -2.979967 -0.666667
-6.538134 -2.393036 -1.215883 0.196518 -2.989967 -0.666667
-6.549015 -2.352130 -1.225442 0.176065 -2.999967 -0.666667
-6.559428 -2.311001 -1.235236 0.155501 -3.009967 -0.666667
-6.569367 -2.269653 -1.245267 0.134826 -3.019967 -0.666667
-6.578825 -2.228087 -1.255538 0.114044 -3.029967 -0.666667
-6.587796 -2.186308 -1.266052 0.093154 -3.039967 -0.666667
-6.596273 -2.144317 -1.276814 0.072158 -3.049967 -0.666667
-6.604250 -2.102117 -1.287825 0.051058 -3.059967 -0.666667
-6.611719 -2.059712 -1.299090 0.029856 -3.069967 -0.666667
-6.618675 -2.017105 -1.310613 0.008552 -3.079967 -0.666667
-6.625110 -1.974299 -1.322395 -0.012851 -3.089967 -0.666667
-6.631016 -1.931298 -1.334442 -0.034351 -3.099967 -0.666667
-6.636387 -1.888105 -1.346756 -0.055948 -3.109967 -0.666667
-6.641216 -1.844724 -1.359342 -0.077638 -3.119967 -0.666667
-6.645494 -1.801158 -1.372203 -0.099421 -3.129967 -0.666667
-6.649214 -1.757413 -1.385343 -0.121293 -3.139967 -0.666667
-6.652369 -1.713492 -1.398766 -0.143254 -3.149967 -0.666667
-6.654949 -1.669400 -1.412475 -0.165300 -3.159967 -0.666667
-6.656949 -1.625141 -1.426476 -0.187430 -3.169967 -0.666667
-6.658358 -1.580719 -1.440771 -0.209640 -3.179967 -0.666667
-6.659169 -1.536141 -1.455366 -0.231930 -3.189967 -0.666667
-6.659373 -1.491410 -1.470263 -0.254295 -3.199967 -0.666667
-6.658963 -1.446533 -1.485469 -0.276733 -3.209967 -0.666667
-6.657928 -1.401515 -1.500986 -0.299243 -3.219967 -0.666667
-6.656260 -1.356361 -1.516820 -0.321819 -3.229967 -0.666667
-6.653950 -1.311078 -1.532975 -0.344461 -3.239967 -0.666667
-6.650989 -1.265673 -1.549456 -0.367164 -3.249967 -0.666667
-6.647367 -1.220151 -1.566267 -0.389925 -3.259967 -0.666667
-6.643074 -1.174519 -1.583413 -0.412740 -3.269967 -0.666667
-6.638103 -1.128785 -1.600899 -0.435607 -3.279967 -0.666667
-6.632441 -1.082957 -1.618730 -0.458522 -3.289967 -0.666667
-6.626079 -1.037041 -1.636910 -0.481480 -3.299967 -0.666667
-6.619008 -0.991046 -1.655446 -0.504477 -3.309967 -0.666667
-6.611216 -0.944980 -1.674342 -0.527510 -3.319967 -0.666667
-6.602694 -0.898853 -1.693603 -0.550573 -3.329967 -0.666667
-6.593431 -0.852673 -1.713235 -0.573663 -3.339967 -0.666667
-6.583415 -0.806451 -1.733243 -0.596775 -3.349967 -0.666667
-6.572636 -0.760195 -1.753632 -0.619903 -3.359967 -0.666667
-6.561083 -0.713917 -1.774408 -0.643042 -3.369967 -0.666667
-6.548745 -0.667627 -1.795577 -0.666187 -3.379967 -0.666667
-6.535610 -0.621337 -1.817145 -0.689332 -3.389967 -0.666667
-6.521667 -0.575059 -1.839117 -0.712471 -3.399967 -0.666667
-6.506904 -0.528805 -1.861498 -0.735598 -3.409967 -0.666667
-6.491309 -0.482587 -1.884295 -0.758706 -3.419967 -0.666667
-6.474871 -0.436421 -1.907515 -0.781790 -3.429967 -0.666667
-6.457577 -0.390319 -1.931161 -0.804840 -3.439967 -0.666667
-6.439416 -0.344297 -1.955242 -0.827852 -3.449967 -0.666667
-6.420374 -0.298370 -1.979763 -0.850815 -3.459967 -0.666667
-6.400441 -0.252553 -2.004729 -0.873723 -3.469967 -0.666667
-6.379604 -0.206865 -2.030148 -0.896568 -3.479967 -0.666667
-6.357849 -0.161322 -2.056025 -0.919339 -3.489967 -0.666667
-6.335166 -0.115943 -2.082367 -0.942029 -3.499967 -0.666667
-6.311541 -0.070746 -2.109179 -0.964627 -3.509967 -0.666667
-6.286963 -0.025753 -2.136469 -0.987123 -3.519967 -0.666667
-6.261418 0.019016 -2.164241 -1.009508 -3.529967 -0.666667
-6.234895 0.063540 -2.192503 -1.031770 -3.539967 -0.666667
-6.207381 0.107796 -2.221259 -1.053898 -3.549967 -0.666667
-6.178865 0.151759 -2.250517 -1.075879 -3.559967 -0.666667
-6.149335 0.195405 -2.280282 -1.097702 -3.569967 -0.666667
-6.118779 0.238708 -2.310560 -1.119354 -3.579967 -0.666667
-6.087186 0.281641 -2.341357 -1.140820 -3.589967 -0.666667
-6.054545 0.324176 -2.372678 -1.162088 -3.599967 -0.666667
-6.020845 0.366283 -2.404528 -1.183142 -3.609967 -0.666667
-5.986076 0.407933 -2.436912 -1.203966 -3.619967 -0.666667
-5.950229 0.449092 -2.469836 -1.224546 -3.629967 -0.666667
-5.913294 0.489729 -2.503303 -1.244864 -3.639967 -0.666667
-5.875263 0.529807 -2.537319 -1.264904 -3.649967 -0.666667
-5.836128 0.569292 -2.571886 -1.284646 -3.659967 -0.666667
-5.795882 0.608146 -2.607009 -1.304073 -3.669967 -0.666667
-5.754521 0.646331 -2.642690 -1.323165 -3.679967 -0.666667
-5.712037 0.683805 -2.678931 -1.341903 -3.689967 -0.666667
-5.668429 0.720528 -2.715735 -1.360264 -3.699967 -0.666667
-5.623693 0.756456 -2.753103 -1.378228 -3.709967 -0.666667
-5.577829 0.791545 -2.791036 -1.395773 -3.719967 -0.666667
-5.530837 0.825748 -2.829532 -1.412874 -3.729967 -0.666667
-5.482718 0.859018 -2.868591 -1.429509 -3.739967 -0.666667
-5.433478 0.891305 -2.908211 -1.445653 -3.749967 -0.666667
-5.383122 0.922560 -2.948389 -1.461280 -3.759967 -0.666667
-5.331659 0.952730 -2.989121 -1.476365 -3.769967 -0.666667
-5.279099 0.981762 -3.030401 -1.490881 -3.779967 -0.666667
-5.225454 1.009602 -3.072223 -1.504801 -3.789967 -0.666667
-5.170742 1.036194 -3.114579 -1.518097 -3.799967 -0.666667
-5.114980 1.061482 -3.157460 -1.530741 -3.809967 -0.666667
-5.058190 1.085409 -3.200855 -1.542704 -3.819967 -0.666667
-5.000398 1.107916 -3.244751 -1.553958 -3.829967 -0.666667
-4.941631 1.128945 -3.289135 -1.564473 -3.839967 -0.666667
-4.881921 1.148438 -3.333989 -1.574219 -3.849967 -0.666667
-4.821306 1.166336 -3.379297 -1.583168 -3.859967 -0.666667
-4.759823 1.182580 -3.425039 -1.591290 -3.869967 -0.666667
-4.697516 1.197112 -3.471192 -1.598556 -3.879967 -0.666667
-4.634435 1.209876 -3.517733 -1.604938 -3.889967 -0.666667
-4.570629 1.220816 -3.564635 -1.610408 -3.899967 -0.666667
-4.506157 1.229876 -3.611871 -1.614938 -3.909967 -0.666667
-4.441078 1.237006 -3.659411 -1.618503 -3.919967 -0.666667
-4.375457 1.242156 -3.707221 -1.621078 -3.929967 -0.666667
-4.309363 1.245278 -3.755268 -1.622639 -3.939967 -0.666667
-4.242870 1.246329 -3.803515 -1.623164 -3.949967 -0.666667
-4.176053 1.245269 -3.851924 -1.622634 -3.959967 -0.666667
-4.108994 1.242062 -3.900453 -1.621031 -3.969967 -0.666667
-4.041776 1.236677 -3.949062 -1.618338 -3.979967 -0.666667
-3.974487 1.229087 -3.997706 -1.614544 -3.989967 -0.666667
-3.907217 1.219273 -4.046342 -1.609636 -3.999967 -0.666667
-3.840057 1.207217 -4.094922 -1.603609 -4.009967 -0.666667
-3.773101 1.192912 -4.143400 -1.596456 -4.019967 -0.666667
-3.706444 1.176354 -4.191728 -1.588177 -4.029967 -0.666667
-3.640182 1.157546 -4.239859 -1.578773 -4.039967 -0.666667
-3.574412 1.136497 -4.287744 -1.568249 -4.049967 -0.666667
-3.509228 1.113225 -4.335336 -1.556613 -4.059967 -0.666667
-3.444725 1.087752 -4.382588 -1.543876 -4.069967 -0.666667
-3.380996 1.060107 -4.429452 -1.530053 -4.079967 -0.666667
-3.318131 1.030325 -4.475884 -1.515163 -4.089967 -0.666667
-3.256220 0.998449 -4.521840 -1.499225 -4.099967 -0.666667
-3.195346 0.964525 -4.567277 -1.482263 -4.109967 -0.666667
-3.135590 0.928607 -4.612155 -1.464303 -4.119967 -0.666667
-3.077029 0.890751 -4.656435 -1.445376 -4.129967 -0.666667
-3.019736 0.851021 -4.700082 -1.425510 -4.139967 -0.666667
-2.963778 0.809482 -4.743061 -1.404741 -4.149967 -0.666667
-2.909216 0.766204 -4.785342 -1.383102 -4.159967 -0.666667
-2.856108 0.721260 -4.826896 -1.360630 -4.169967 -0.666667
-2.804506 0.674726 -4.867697 -1.337363 -4.179967 -0.666667
-2.754455 0.626679 -4.907723 -1.313339 -4.189967 -0.666667
-2.705995 0.577197 -4.946953 -1.288599 -4.199967 -0.666667
-2.659162 0.526362 -4.985369 -1.263181 -4.209967 -0.666667
-2.613984 0.474252 -5.022958 -1.237126 -4.219967 -0.666667
-2.570487 0.420948 -5.059707 -1.210474 -4.229967 -0.666667
-2.528688 0.366530 -5.095606 -1.183265 -4.239967 -0.666667
-2.488603 0.311077 -5.130648 -1.155539 -4.249967 -0.666667
-2.450242 0.254668 -5.164829 -1.127334 -4.259967 -0.666667
-2.413609 0.197378 -5.198146 -1.098689 -4.269967 -0.666667
-2.378705 0.139283 -5.230598 -1.069641 -4.279967 -0.666667
-2.345528 0.080455 -5.262186 -1.040228 -4.289967 -0.666667
-2.314072 0.020966 -5.292914 -1.010483 -4.299967 -0.666667
-2.284328 -0.039116 -5.322786 -0.980442 -4.309967 -0.666667
-2.256282 -0.099724 -5.351809 -0.950138 -4.319967 -0.666667
-2.229921 -0.160796 -5.379990 -0.919602 -4.329967 -0.666667
-2.205226 -0.222269 -5.407337 -0.888866 -4.339967 -0.666667
-2.182178 -0.284085 -5.433861 -0.857957 -4.349967 -0.666667
-2.160756 -0.346189 -5.459572 -0.826906 -4.359967 -0.666667
-2.140937 -0.408526 -5.484482 -0.795737 -4.369967 -0.666667
-2.122696 -0.471046 -5.508602 -0.764477 -4.379967 -0.666667
-2.106007 -0.533701 -5.531947 -0.733149 -4.389967 -0.666667
-2.090844 -0.596445 -5.554528 -0.701777 -4.399967 -0.666667
-2.077179 -0.659235 -5.576360 -0.670383 -4.409967 -0.666667
-2.064984 -0.722029 -5.597458 -0.638985 -4.419967 -0.666667
-2.054231 -0.784790 -5.617835 -0.607605 -4.429967 -0.666667
-2.044890 -0.847481 -5.637505 -0.576259 -4.439967 -0.666667
-2.036931 -0.910068 -5.656484 -0.544966 -4.449967 -0.666667
-2.030326 -0.972518 -5.674787 -0.513741 -4.459967 -0.666667
-2.025044 -1.034802 -5.692428 -0.482599 -4.469967 -0.666667
-2.021056 -1.096891 -5.709422 -0.451554 -4.479967 -0.666667
-2.018333 -1.158759 -5.725783 -0.420620 -4.489967 -0.666667
-2.016846 -1.220382 -5.741527 -0.389809 -4.499967 -0.666667
-2.016565 -1.281735 -5.756668 -0.359132 -4.509967 -0.666667
-2.017461 -1.342798 -5.771220 -0.328601 -4.519967 -0.666667
-2.019507 -1.403551 -5.785197 -0.298225 -4.529967 -0.666667
-2.022674 -1.463974 -5.798613 -0.268013 -4.539967 -0.666667
-2.026935 -1.524051 -5.811482 -0.237974 -4.549967 -0.666667
-2.032263 -1.583766 -5.823819 -0.208117 -4.559967 -0.666667
-2.038631 -1.643104 -5.835635 -0.178448 -4.569967 -0.666667
-2.046013 -1.702050 -5.846944 -0.148975 -4.579967 -0.666667
-2.054383 -1.760593 -5.857758 -0.119704 -4.589967 -0.666667
-2.063717 -1.818720 -5.868092 -0.090640 -4.599967 -0.666667
-2.073989 -1.876421 -5.877955 -0.061790 -4.609967 -0.666667
-2.085176 -1.933686 -5.887362 -0.033157 -4.619967 -0.666667
-2.097255 -1.990505 -5.896323 -0.004748 -4.629967 -0.666667
-2.110201 -2.046871 -5.904850 0.023435 -4.639967 -0.666667
-2.123993 -2.102775 -5.912954 0.051387 -4.649967 -0.666667
-2.138609 -2.158211 -5.920646 0.079106 -4.659967 -0.666667
-2.154027 -2.213173 -5.927937 0.106586 -4.669967 -0.666667
-2.170226 -2.267654 -5.934837 0.133827 -4.679967 -0.666667
-2.187187 -2.321650 -5.941357 0.160825 -4.689967 -0.666667
-2.204889 -2.375155 -5.947506 0.187578 -4.699967 -0.666667
-2.223313 -2.428167 -5.953294 0.214083 -4.709967 -0.666667
-2.242439 -2.480680 -5.958730 0.240340 -4.719967 -0.666667
-2.262251 -2.532692 -5.963825 0.266346 -4.729967 -0.666667
-2.282729 -2.584201 -5.968585 0.292100 -4.739967 -0.666667
-2.303856 -2.635202 -5.973022 0.317601 -4.749967 -0.666667
-2.325616 -2.685695 -5.977142 0.342848 -4.759967 -0.666667
-2.347991 -2.735678 -5.980954 0.367839 -4.769967 -0.666667
-2.370966 -2.785148 -5.984467 0.392574 -4.779967 -0.666667
-2.394525 -2.834105 -5.987688 0.417052 -4.789967 -0.666667
-2.418652 -2.882547 -5.990624 0.441274 -4.799967 -0.666667
-2.443332 -2.930475 -5.993284 0.465237 -4.809967 -0.666667
-2.468552 -2.977887 -5.995674 0.488944 -4.819967 -0.666667
-2.494296 -3.024783 -5.997802 0.512392 -4.829967 -0.666667
-2.520552 -3.071163 -5.999674 0.535582 -4.839967 -0.666667
-2.547305 -3.117028 -6.001298 0.558514 -4.849967 -0.666667
-2.574543 -3.162377 -6.002679 0.581188 -4.859967 -0.666667
-2.602252 -3.207210 -6.003824 0.603605 -4.869967 -0.666667
-2.630421 -3.251529 -6.004739 0.625765 -4.879967 -0.666667
-2.659037 -3.295334 -6.005431 0.647667 -4.889967 -0.666667
-2.688089 -3.338626 -6.005905 0.669313 -4.899967 -0.666667
-2.717565 -3.381406 -6.006168 0.690703 -4.909967 -0.666667
-2.747454 -3.423674 -6.006223 0.711837 -4.919967 -0.666667
-2.777744 -3.465433 -6.006078 0.732717 -4.929967 -0.666667
-2.808426 -3.506683 -6.005737 0.753341 -4.939967 -0.666667
-2.839488 -3.547425 -6.005206 0.773713 -4.949967 -0.666667
-2.870922 -3.587662 -6.004489 0.793831 -4.959967 -0.666667
-2.902716 -3.627394 -6.003592 0.813697 -4.969967 -0.666667
-2.934861 -3.666623 -6.002519 0.833311 -4.979967 -0.666667
-2.967349 -3.705350 -6.001276 0.852675 -4.989967 -0.666667
-3.000169 -3.743577 -5.999866 0.871789 -4.999967 -0.666667
-3.033313 -3.781307 -5.998294 0.890653 -5.009967 -0.666667
-3.066771 -3.818540 -5.996564 0.909270 -5.019967 -0.666667
-3.100537 -3.855279 -5.994682 0.927639 -5.029967 -0.666667
-3.134600 -3.891524 -5.992650 0.945762 -5.039967 -0.666667
-3.168954 -3.927279 -5.990473 0.963640 -5.049967 -0.666667
-3.203590 -3.962545 -5.988155 0.981273 -5.059967 -0.666667
-3.238500 -3.997324 -5.985700 0.998662 -5.069967 -0.666667
-3.273677 -4.031617 -5.983112 1.015809 -5.079967 -0.666667
-3.309113 -4.065428 -5.980393 1.032714 -5.089967 -0.666667
-3.344802 -4.098756 -5.977549 1.049378 -5.099967 -0.666667
-3.380735 -4.131606 -5.974582 1.065803 -5.109967 -0.666667
-3.416907 -4.163978 -5.971496 1.081989 -5.119967 -0.666667
-3.453311 -4.195875 -5.968295 1.097938 -5.129967 -0.666667
-3.489939 -4.227299 -5.964981 1.113649 -5.139967 -0.666667
-3.526786 -4.258251 -5.961557 1.129126 -5.149967 -0.666667
-3.563844 -4.288734 -5.958028 1.144367 -5.159967 -0.666667
-3.601109 -4.318750 -5.954395 1.159375 -5.169967 -0.666667
-3.638574 -4.348300 -5.950663 1.174150 -5.179967 -0.666667
-3.676232 -4.377388 -5.946834 1.188694 -5.189967 -0.666667
-3.714079 -4.406014 -5.942910 1.203007 -5.199967 -0.666667
-3.752108 -4.434181 -5.938896 1.217090 -5.209967 -0.666667
-3.790314 -4.461890 -5.934793 1.230945 -5.219967 -0.666667
-3.828692 -4.489145 -5.930604 1.244572 -5.229967 -0.666667
-3.867236 -4.515946 -5.926332 1.257973 -5.239967 -0.666667
-3.905940 -4.542296 -5.921980 1.271148 -5.249967 -0.666667
-3.944801 -4.568197 -5.917550 1.284099 -5.259967 -0.666667
-3.983812 -4.593651 -5.913044 1.296826 -5.269967 -0.666667
-4.022969 -4.618660 -5.908466 1.309330 -5.279967 -0.666667
-4.062267 -4.643225 -5.903817 1.321613 -5.289967 -0.666667
-4.101701 -4.667349 -5.899099 1.333675 -5.299967 -0.666667
-4.141267 -4.691034 -5.894317 1.345517 -5.309967 -0.666667
-4.180960 -4.714281 -5.889470 1.357140 -5.319967 -0.666667
-4.220775 -4.737092 -5.884562 1.368546 -5.329967 -0.666667
-4.260709 -4.759470 -5.879595 1.379735 -5.339967 -0.666667
-4.300757 -4.781416 -5.874572 1.390708 -5.349967 -0.666667
-4.340914 -4.802932 -5.869493 1.401466 -5.359967 -0.666667
-4.381176 -4.824020 -5.864362 1.412010 -5.369967 -0.666667
-4.421540 -4.844682 -5.859180 1.422341 -5.379967 -0.666667
-4.462002 -4.864920 -5.853949 1.432460 -5.389967 -0.666667
-4.502556 -4.884735 -5.848672 1.442367 -5.399967 -0.666667
-4.543201 -4.904129 -5.843350 1.452065 -5.409967 -0.666667
-4.583931 -4.923105 -5.837985 1.461552 -5.419967 -0.666667
-4.624743 -4.941663 -5.832579 1.470831 -5.429967 -0.666667
-4.665633 -4.959805 -5.827134 1.479903 -5.439967 -0.666667
-4.706598 -4.977534 -5.821651 1.488767 -5.449967 -0.666667
-4.747633 -4.994851 -5.816133 1.497426 -5.459967 -0.666667
-4.788737 -5.011758 -5.810582 1.505879 -5.469967 -0.666667
-4.829904 -5.028256 -5.804998 1.514128 -5.479967 -0.666667
-4.871132 -5.044347 -5.799384 1.522174 -5.489967 -0.666667
-4.912418 -5.060033 -5.793741 1.530017 -5.499967 -0.666667
-4.953757 -5.075316 -5.788071 1.537658 -5.509967 -0.666667
-4.995147 -5.090196 -5.782376 1.545098 -5.519967 -0.666667
-5.036585 -5.104676 -5.776658 1.552338 -5.529967 -0.666667
-5.078067 -5.118758 -5.770917 1.559379 -5.539967 -0.666667
-5.119590 -5.132442 -5.765155 1.566221 -5.549967 -0.666667
-5.161151 -5.145730 -5.759375 1.572865 -5.559967 -0.666667
-5.202747 -5.158625 -5.753576 1.579312 -5.569967 -0.666667
-5.244376 -5.171127 -5.747762 1.585563 -5.579967 -0.666667
-5.286033 -5.183237 -5.741933 1.591619 -5.589967 -0.666667
-5.327717 -5.194959 -5.736091 1.597479 -5.599967 -0.666667
-5.369424 -5.206292 -5.730238 1.603146 -5.609967 -0.666667
-5.411152 -5.217239 -5.724374 1.608619 -5.619967 -0.666667
-5.452897 -5.227801 -5.718501 1.613900 -5.629967 -0.666667
-5.494657 -5.237979 -5.712621 1.618989 -5.639967 -0.666667
-5.536430 -5.247774 -5.706735 1.623887 -5.649967 -0.666667
-5.578211 -5.257189 -5.700844 1.628595 -5.659967 -0.666667
-5.620000 -5.266225 -5.694950 1.633112 -5.669967 -0.666667
-5.661792 -5.274882 -5.689054 1.637441 -5.679967 -0.666667
-5.703587 -5.283163 -5.683157 1.641581 -5.689967 -0.666667
-5.745380 -5.291068 -5.677260 1.645534 -5.699967 -0.666667
-5.787169 -5.298599 -5.671366 1.649300 -5.709967 -0.666667
-5.828952 -5.305757 -5.665474 1.652879 -5.719967 -0.666667
-5.870727 -5.312545 -5.659587 1.656272 -5.729967 -0.666667
-5.912490 -5.318961 -5.653705 1.659481 -5.739967 -0.666667
-5.954239 -5.325010 -5.647830 1.662505 -5.749967 -0.666667
-5.995973 -5.330690 -5.641964 1.665345 -5.759967 -0.666667
-6.037688 -5.336004 -5.636106 1.668002 -5.769967 -0.666667
-6.079382 -5.340953 -5.630259 1.670477 -5.779967 -0.666667
-6.121052 -5.345538 -5.624424 1.672769 -5.789967 -0.666667
-6.162697 -5.349761 -5.618601 1.674880 -5.799967 -0.666667
-6.204314 -5.353621 -5.612793 1.676811 -5.809967 -0.666667
-6.245901 -5.357122 -5.607000 1.678561 -5.819967 -0.666667
-6.287455 -5.360263 -5.601223 1.680132 -5.829967 -0.666667
-6.328974 -5.363047 -5.595463 1.681523 -5.839967 -0.666667
-6.370456 -5.365473 -5.589722 1.682737 -5.849967 -0.666667
-6.411898 -5.367544 -5.584001 1.683772 -5.859967 -0.666667
-6.453299 -5.369260 -5.578300 1.684630 -5.869967 -0.666667
-6.494656 -5.370622 -5.572622 1.685311 -5.879967 -0.666667
-6.535967 -5.371632 -5.566966 1.685816 -5.889967 -0.666667
-6.577230 -5.372291 -5.561335 1.686145 -5.899967 -0.666667
-6.618443 -5.372599 -5.555729 1.686299 -5.909967 -0.666667
-6.659602 -5.372558 -5.550149 1.686279 -5.919967 -0.666667
-6.700707 -5.372168 -5.544596 1.686084 -5.929967 -0.666667
-6.741756 -5.371432 -5.539072 1.685716 -5.939967 -0.666667
-6.782745 -5.370349 -5.533578 1.685174 -5.949967 -0.666667
-6.823673 -5.368921 -5.528114 1.684460 -5.959967 -0.666667
-6.864538 -5.367148 -5.522681 1.683574 -5.969967 -0.666667
-6.905337 -5.365033 -5.517282 1.682516 -5.979967 -0.666667
-6.946069 -5.362575 -5.511915 1.681287 -5.989967 -0.666667
-6.986732 -5.359776 -5.506584 1.679888 -5.999967 -0.666667
-7.027323 -5.356636 -5.501289 1.678318 -6.009967 -0.666667
-7.067840 -5.353157 -5.496030 1.676578 -6.019967 -0.666667
-7.108282 -5.349339 -5.490809 1.674670 -6.029967 -0.666667
-7.148645 -5.345184 -5.485627 1.672592 -6.039967 -0.666667
-7.188930 -5.340692 -5.480485 1.670346 -6.049967 -0.666667
-7.229132 -5.335864 -5.475384 1.667932 -6.059967 -0.666667
-7.269250 -5.330701 -5.470325 1.665351 -6.069967 -0.666667
-7.309283 -5.325204 -5.465309 1.662602 -6.079967 -0.666667
-7.349227 -5.319374 -5.460336 1.659687 -6.089967 -0.666667
-7.389082 -5.313212 -5.455409 1.656606 -6.099967 -0.666667
-7.428844 -5.306718 -5.450528 1.653359 -6.109967 -0.666667
-7.468513 -5.299893 -5.445693 1.649946 -6.119967 -0.666667
-7.508086 -5.292738 -5.440907 1.646369 -6.129967 -0.666667
-7.547560 -5.285255 -5.436170 1.642627 -6.139967 -0.666667
-7.586935 -5.277443 -5.431483 1.638721 -6.149967 -0.666667
-7.626207 -5.269303 -5.426846 1.634652 -6.159967 -0.666667
-7.665376 -5.260837 -5.422262 1.630419 -6.169967 -0.666667
-7.704438 -5.252045 -5.417731 1.626023 -6.179967 -0.666667
-7.743392 -5.242928 -5.413254 1.621464 -6.189967 -0.666667
-7.782237 -5.233487 -5.408832 1.616743 -6.199967 -0.666667
-7.820969 -5.223722 -5.404466 1.611861 -6.209967 -0.666667
-7.859586 -5.213634 -5.400157 1.606817 -6.219967 -0.666667
-7.898088 -5.203224 -5.395906 1.601612 -6.229967 -0.666667
-7.936472 -5.192493 -5.391714 1.596246 -6.239967 -0.666667
-7.974735 -5.181441 -5.387582 1.590720 -6.249967 -0.666667
-8.012876 -5.170069 -5.383512 1.585034 -6.259967 -0.666667
-8.050893 -5.158377 -5.379503 1.579189 -6.269967 -0.666667
-8.088784 -5.146368 -5.375558 1.573184 -6.279967 -0.666667
-8.126546 -5.134040 -5.371677 1.567020 -6.289967 -0.666667
-8.164178 -5.121395 -5.367861 1.560698 -6.299967 -0.666667
-8.201677 -5.108434 -5.364111 1.554217 -6.309967 -0.666667
-8.239042 -5.095157 -5.360429 1.547579 -6.319967 -0.666667
-8.276271 -5.081565 -5.356815 1.540783 -6.329967 -0.666667
-8.313360 -5.067659 -5.353270 1.533829 -6.339967 -0.666667
-8.350310 -5.053438 -5.349795 1.526719 -6.349967 -0.666667
-8.387116 -5.038905 -5.346392 1.519452 -6.359967 -0.666667
-8.423777 -5.024059 -5.343061 1.512029 -6.369967 -0.666667
-8.460292 -5.008901 -5.339804 1.504450 -6.379967 -0.666667
-8.496657 -4.993432 -5.336622 1.496716 -6.389967 -0.666667
-8.532871 -4.977652 -5.333515 1.488826 -6.399967 -0.666667
-8.568932 -4.961563 -5.330484 1.480781 -6.409967 -0.666667
-8.604837 -4.945164 -5.327532 1.472582 -6.419967 -0.666667
-8.640585 -4.928456 -5.324658 1.464228 -6.429967 -0.666667
-8.676172 -4.911441 -5.321864 1.455720 -6.439967 -0.666667
-8.711598 -4.894117 -5.319151 1.447059 -6.449967 -0.666667
-8.746860 -4.876487 -5.316520 1.438244 -6.459967 -0.666667
-8.781955 -4.858551 -5.313973 1.429276 -6.469967 -0.666667
-8.816882 -4.840309 -5.311509 1.420155 -6.479967 -0.666667
-8.851637 -4.821762 -5.309131 1.410881 -6.489967 -0.666667
-8.886220 -4.802910 -5.306840 1.401455 -6.499967 -0.666667
-8.920628 -4.783755 -5.304636 1.391878 -6.509967 -0.666667
-8.954857 -4.764296 -5.302521 1.382148 -6.519967 -0.666667
-8.988907 -4.744535 -5.300496 1.372267 -6.529967 -0.666667
-9.022775 -4.724471 -5.298562 1.362236 -6.539967 -0.666667
-9.056458 -4.704106 -5.296721 1.352053 -6.549967 -0.666667
-9.089955 -4.683440 -5.294973 1.341720 -6.559967 -0.666667
-9.123262 -4.662474 -5.293319 1.331237 -6.569967 -0.666667
-9.156378 -4.641207 -5.291761 1.320604 -6.579967 -0.666667
-9.189300 -4.619642 -5.290300 1.309821 -6.589967 -0.666667
-9.222025 -4.597778 -5.288938 1.298889 -6.599967 -0.666667
-9.254551 -4.575615 -5.287674 1.287808 -6.609967 -0.666667
-9.286877 -4.553156 -5.286512 1.276578 -6.619967 -0.666667
-9.318998 -4.530399 -5.285451 1.265200 -6.629967 -0.666667
-9.350913 -4.507346 -5.284493 1.253673 -6.639967 -0.666667
-9.382620 -4.483998 -5.283640 1.241999 -6.649967 -0.666667
-9.414115 -4.460354 -5.282892 1.230177 -6.659967 -0.666667
-9.445397 -4.436415 -5.282252 1.218208 -6.669967 -0.666667
-9.476462 -4.412183 -5.281719 1.206092 -6.679967 -0.666667
-9.507307 -4.387657 -5.281296 1.193829 -6.689967 -0.666667
-9.537932 -4.362839 -5.280984 1.181419 -6.699967 -0.666667
-9.568331 -4.337728 -5.280784 1.168864 -6.709967 -0.666667
-9.598504 -4.312326 -5.280698 1.156163 -6.719967 -0.666667
-9.628447 -4.286632 -5.280726 1.143316 -6.729967 -0.666667
-9.658158 -4.260649 -5.280871 1.130324 -6.739967 -0.666667
-9.687633 -4.234375 -5.281133 1.117188 -6.749967 -0.666667
-9.716870 -4.207813 -5.281515 1.103906 -6.759967 -0.666667
-9.745866 -4.180961 -5.282017 1.090481 -6.769967 -0.666667
-9.774619 -4.153822 -5.282641 1.076911 -6.779967 -0.666667
-9.803125 -4.126396 -5.283388 1.063198 -6.789967 -0.666667
-9.831381 -4.098683 -5.284260 1.049342 -6.799967 -0.666667
-9.859384 -4.070684 -5.285258 1.035342 -6.809967 -0.666667
-9.887132 -4.042400 -5.286384 1.021200 -6.819967 -0.666667
-9.914622 -4.013831 -5.287639 1.006916 -6.829967 -0.666667
-9.941849 -3.984979 -5.289025 0.992489 -6.839967 -0.666667
-9.968812 -3.955843 -5.290544 0.977921 -6.849967 -0.666667
-9.995507 -3.926424 -5.292196 0.963212 -6.859967 -0.666667
-10.021931 -3.896724 -5.293984 0.948362 -6.869967 -0.666667
-10.048081 -3.866742 -5.295910 0.933371 -6.879967 -0.666667
-10.073953 -3.836480 -5.297974 0.918240 -6.889967 -0.666667
-10.099544 -3.805939 -5.300178 0.902970 -6.899967 -0.666667
-10.124851 -3.775119 -5.302525 0.887559 -6.909967 -0.666667
-10.149870 -3.744020 -5.305015 0.872010 -6.919967 -0.666667
-10.174598 -3.712645 -5.307651 0.856322 -6.929967 -0.666667
-10.199032 -3.680993 -5.310434 0.840496 -6.939967 -0.666667
-10.223168 -3.649065 -5.313366 0.824532 -6.949967 -0.666667
-10.247002 -3.616862 -5.316449 0.808431 -6.959967 -0.666667
-10.270531 -3.584386 -5.319684 0.792193 -6.969967 -0.666667
-10.293751 -3.551637 -5.323074 0.775818 -6.979967 -0.666667
-10.316659 -3.518615 -5.326621 0.759308 -6.989967 -0.666667
-10.339250 -3.485322 -5.330325 0.742661 -6.999967 -0.666667
-10.361521 -3.451759 -5.334189 0.725880 -7.009967 -0.666667
-10.383468 -3.417927 -5.338216 0.708964 -7.019967 -0.666667
-10.405088 -3.383827 -5.342406 0.691913 -7.029967 -0.666667
-10.426375 -3.349459 -5.346763 0.674730 -7.039967 -0.666667
-10.447326 -3.314825 -5.351287 0.657413 -7.049967 -0.666667
-10.467937 -3.279926 -5.355981 0.639963 -7.059967 -0.666667
-10.488204 -3.244764 -5.360848 0.622382 -7.069967 -0.666667
-10.508123 -3.209338 -5.365889 0.604669 -7.079967 -0.666667
-10.527689 -3.173651 -5.371106 0.586825 -7.089967 -0.666667
-10.546898 -3.137703 -5.376501 0.568852 -7.099967 -0.666667
-10.565745 -3.101497 -5.382078 0.550748 -7.109967 -0.666667
-10.584226 -3.065032 -5.387837 0.532516 -7.119967 -0.666667
-10.602337 -3.028311 -5.393781 0.514155 -7.129967 -0.666667
-10.620073 -2.991335 -5.399914 0.495667 -7.139967 -0.666667
-10.637429 -2.954105 -5.406236 0.477052 -7.149967 -0.666667
-10.654400 -2.916623 -5.412750 0.458311 -7.159967 -0.666667
-10.670982 -2.878890 -5.419459 0.439445 -7.169967 -0.666667
-10.687170 -2.840908 -5.426365 0.420454 -7.179967 -0.666667
-10.702958 -2.802678 -5.433471 0.401339 -7.189967 -0.666667
-10.718342 -2.764203 -5.440779 0.382102 -7.199967 -0.666667
-10.733316 -2.725484 -5.448292 0.362742 -7.209967 -0.666667
-10.747876 -2.686522 -5.456012 0.343261 -7.219967 -0.666667
-10.762015 -2.647319 -5.463942 0.323660 -7.229967 -0.666667
-10.775729 -2.607878 -5.472085 0.303939 -7.239967 -0.666667
-10.789012 -2.568201 -5.480444 0.284100 -7.249967 -0.666667
-10.801859 -2.528288 -5.489021 0.264144 -7.259967 -0.666667
-10.814263 -2.488144 -5.497819 0.244072 -7.269967 -0.666667
-10.826219 -2.447769 -5.506841 0.223884 -7.279967 -0.666667
-10.837720 -2.407166 -5.516090 0.203583 -7.289967 -0.666667
-10.848762 -2.366337 -5.525569 0.183168 -7.299967 -0.666667
-10.859338 -2.325285 -5.535281 0.162643 -7.309967 -0.666667
-10.869442 -2.284013 -5.545229 0.142006 -7.319967 -0.666667
-10.879068 -2.242522 -5.555416 0.121261 -7.329967 -0.666667
-10.888208 -2.200817 -5.565846 0.100408 -7.339967 -0.666667
-10.896857 -2.158898 -5.576521 0.079449 -7.349967 -0.666667
-10.905008 -2.116771 -5.587446 0.058385 -7.359967 -0.666667
-10.912654 -2.074436 -5.598623 0.037218 -7.369967 -0.666667
-10.919789 -2.031899 -5.610056 0.015950 -7.379967 -0.666667
-10.926405 -1.989162 -5.621747 -0.005419 -7.389967 -0.666667
-10.932496 -1.946228 -5.633702 -0.026886 -7.399967 -0.666667
-10.938053 -1.903101 -5.645923 -0.048450 -7.409967 -0.666667
-10.943071 -1.859784 -5.658415 -0.070108 -7.419967 -0.666667
-10.947540 -1.816283 -5.671180 -0.091859 -7.429967 -0.666667
-10.951455 -1.772600 -5.684223 -0.113700 -7.439967 -0.666667
-10.954806 -1.728739 -5.697547 -0.135630 -7.449967 -0.666667
-10.957587 -1.684706 -5.711157 -0.157647 -7.459967 -0.666667
-10.959789 -1.640504 -5.725056 -0.179748 -7.469967 -0.666667
-10.961403 -1.596138 -5.739248 -0.201931 -7.479967 -0.666667
-10.962423 -1.551613 -5.753739 -0.224193 -7.489967 -0.666667
-10.962839 -1.506935 -5.768531 -0.246533 -7.499967 -0.666667
-10.962642 -1.462108 -5.783629 -0.268946 -7.509967 -0.666667
-10.961825 -1.417138 -5.799038 -0.291431 -7.519967 -0.666667
-10.960377 -1.372031 -5.814761 -0.313985 -7.529967 -0.666667
-10.958291 -1.326792 -5.830805 -0.336604 -7.539967 -0.666667
-10.955556 -1.281428 -5.847172 -0.359286 -7.549967 -0.666667
-10.952165 -1.235946 -5.863868 -0.382027 -7.559967 -0.666667
-10.948106 -1.190351 -5.880897 -0.404824 -7.569967 -0.666667
-10.943371 -1.144652 -5.898265 -0.427674 -7.579967 -0.666667
-10.937949 -1.098855 -5.915975 -0.450572 -7.589967 -0.666667
-10.931832 -1.052969 -5.934034 -0.473516 -7.599967 -0.666667
-10.925007 -1.007000 -5.952446 -0.496500 -7.609967 -0.666667
-10.917467 -0.960958 -5.971217 -0.519521 -7.619967 -0.666667
-10.909199 -0.914851 -5.990351 -0.542574 -7.629967 -0.666667
-10.900194 -0.868689 -6.009853 -0.565656 -7.639967 -0.666667
-10.890440 -0.822480 -6.029730 -0.588760 -7.649967 -0.666667
-10.879927 -0.776234 -6.049987 -0.611883 -7.659967 -0.666667
-10.868644 -0.729963 -6.070628 -0.635019 -7.669967 -0.666667
-10.856579 -0.683676 -6.091660 -0.658162 -7.679967 -0.666667
-10.843722 -0.637385 -6.113089 -0.681308 -7.689967 -0.666667
-10.830060 -0.591101 -6.134920 -0.704450 -7.699967 -0.666667
-10.815582 -0.544837 -6.157159 -0.727582 -7.709967 -0.666667
-10.800277 -0.498605 -6.179811 -0.750697 -7.719967 -0.666667
-10.784133 -0.452420 -6.202884 -0.773790 -7.729967 -0.666667
-10.767137 -0.406294 -6.226381 -0.796853 -7.739967 -0.666667
-10.749278 -0.360242 -6.250311 -0.819879 -7.749967 -0.666667
-10.730543 -0.314280 -6.274678 -0.842860 -7.759967 -0.666667
-10.710920 -0.268424 -6.299490 -0.865788 -7.769967 -0.666667
-10.690398 -0.222689 -6.324751 -0.888655 -7.779967 -0.666667
-10.668963 -0.177094 -6.350469 -0.911453 -7.789967 -0.666667
-10.646603 -0.131655 -6.376649 -0.934172 -7.799967 -0.666667
-10.623306 -0.086394 -6.403297 -0.956803 -7.809967 -0.666667
-10.599059 -0.041328 -6.430420 -0.979336 -7.819967 -0.666667
-10.573851 0.003522 -6.458024 -1.001761 -7.829967 -0.666667
-10.547669 0.048133 -6.486116 -1.024067 -7.839967 -0.666667
-10.520500 0.092485 -6.514700 -1.046242 -7.849967 -0.666667
-10.492333 0.136552 -6.543784 -1.068276 -7.859967 -0.666667
-10.463156 0.180311 -6.573372 -1.090155 -7.869967 -0.666667
-10.432956 0.223736 -6.603472 -1.111868 -7.879967 -0.666667
-10.401724 0.266800 -6.634088 -1.133400 -7.889967 -0.666667
-10.369447 0.309476 -6.665226 -1.154738 -7.899967 -0.666667
-10.336116 0.351736 -6.696892 -1.175868 -7.909967 -0.666667
-10.301719 0.393547 -6.729091 -1.196774 -7.919967 -0.666667
-10.266246 0.434880 -6.761827 -1.217440 -7.929967 -0.666667
-10.229689 0.475702 -6.795105 -1.237851 -7.939967 -0.666667
-10.192039 0.515978 -6.828930 -1.257989 -7.949967 -0.666667
-10.153288 0.555673 -6.863306 -1.277836 -7.959967 -0.666667
-10.113428 0.594750 -6.898236 -1.297375 -7.969967 -0.666667
-10.072454 0.633171 -6.933723 -1.316586 -7.979967 -0.666667
-10.030360 0.670896 -6.969770 -1.335448 -7.989967 -0.666667
-9.987142 0.707885 -7.006379 -1.353942 -7.999967 -0.666667
-9.942797 0.744093 -7.043551 -1.372047 -8.009967 -0.666667
-9.897324 0.779478 -7.081288 -1.389739 -8.019967 -0.666667
-9.850723 0.813994 -7.119589 -1.406997 -8.029967 -0.666667
-9.802995 0.847592 -7.158453 -1.423796 -8.039967 -0.666667
-9.754143 0.880226 -7.197879 -1.440113 -8.049967 -0.666667
-9.704173 0.911845 -7.237864 -1.455922 -8.059967 -0.666667
-9.653092 0.942397 -7.278404 -1.471198 -8.069967 -0.666667
-9.600911 0.971829 -7.319494 -1.485915 -8.079967 -0.666667
-9.547641 1.000089 -7.361130 -1.500044 -8.089967 -0.666667
-9.493297 1.027120 -7.403302 -1.513560 -8.099967 -0.666667
-9.437896 1.052866 -7.446002 -1.526433 -8.109967 -0.666667
-9.381460 1.077271 -7.489220 -1.538636 -8.119967 -0.666667
-9.324012 1.100277 -7.532944 -1.550139 -8.129967 -0.666667
-9.265580 1.121826 -7.577160 -1.560913 -8.139967 -0.666667
-9.206193 1.141858 -7.621853 -1.570929 -8.149967 -0.666667
-9.145888 1.160315 -7.667006 -1.580158 -8.159967 -0.666667
-9.084701 1.177139 -7.712600 -1.588570 -8.169967 -0.666667
-9.022675 1.192272 -7.758613 -1.596136 -8.179967 -0.666667
-8.959856 1.205655 -7.805022 -1.602827 -8.189967 -0.666667
-8.896295 1.217233 -7.851802 -1.608617 -8.199967 -0.666667
-8.832048 1.226951 -7.898926 -1.613476 -8.209967 -0.666667
-8.767172 1.234756 -7.946364 -1.617378 -8.219967 -0.666667
-8.701731 1.240598 -7.994084 -1.620299 -8.229967 -0.666667
-8.635793 1.244428 -8.042053 -1.622214 -8.239967 -0.666667
-8.569430 1.246201 -8.090235 -1.623101 -8.249967 -0.666667
-8.502716 1.245878 -8.138592 -1.622939 -8.259967 -0.666667
-8.435732 1.243419 -8.187084 -1.621709 -8.269967 -0.666667
-8.368559 1.238792 -8.235670 -1.619396 -8.279967 -0.666667
-8.301285 1.231969 -8.284307 -1.615985 -8.289967 -0.666667
-8.233998 1.222928 -8.332951 -1.611464 -8.299967 -0.666667
-8.166789 1.211651 -8.381555 -1.605826 -8.309967 -0.666667
-8.099752 1.198127 -8.430074 -1.599063 -8.319967 -0.666667
-8.032980 1.182349 -8.478460 -1.591175 -8.329967 -0.666667
-7.966571 1.164320 -8.526665 -1.582160 -8.339967 -0.666667
-7.900619 1.144047 -8.574641 -1.572024 -8.349967 -0.666667
-7.835221 1.121544 -8.622340 -1.560772 -8.359967 -0.666667
-7.770471 1.096831 -8.669715 -1.548415 -8.369967 -0.666667
-7.706463 1.069935 -8.716718 -1.534967 -8.379967 -0.666667
-7.643289 1.040890 -8.763305 -1.520445 -8.389967 -0.666667
-7.581037 1.009735 -8.809431 -1.504867 -8.399967 -0.666667
-7.519794 0.976515 -8.855053 -1.488258 -8.409967 -0.666667
-7.459642 0.941282 -8.900129 -1.470641 -8.419967 -0.666667
-7.400658 0.904091 -8.944621 -1.452045 -8.429967 -0.666667
-7.342918 0.865003 -8.988491 -1.432502 -8.439967 -0.666667
-7.286490 0.824083 -9.031705 -1.412042 -8.449967 -0.666667
-7.231437 0.781400 -9.074231 -1.390700 -8.459967 -0.666667
-7.177819 0.737026 -9.116040 -1.368513 -8.469967 -0.666667
-7.125689 0.691034 -9.157105 -1.345517 -8.479967 -0.666667
-7.075096 0.643503 -9.197402 -1.321751 -8.489967 -0.666667
-7.026080 0.594510 -9.236910 -1.297255 -8.499967 -0.666667
-6.978679 0.544134 -9.275611 -1.272067 -8.509967 -0.666667
-6.932924 0.492457 -9.313488 -1.246228 -8.519967 -0.666667
-6.888842 0.439558 -9.350529 -1.219779 -8.529967 -0.666667
-6.846453 0.385517 -9.386724 -1.192759 -8.539967 -0.666667
-6.805773 0.330414 -9.422064 -1.165207 -8.549967 -0.666667
-6.766813 0.274328 -9.456544 -1.137164 -8.559967 -0.666667
-6.729580 0.217334 -9.490160 -1.108667 -8.569967 -0.666667
-6.694077 0.159510 -9.522912 -1.079755 -8.579967 -0.666667
-6.660302 0.100928 -9.554799 -1.050464 -8.589967 -0.666667
-6.628250 0.041661 -9.585825 -1.020830 -8.599967 -0.666667
-6.597914 -0.018223 -9.615993 -0.990888 -8.609967 -0.666667
-6.569281 -0.078656 -9.645310 -0.960672 -8.619967 -0.666667
-6.542337 -0.139574 -9.673781 -0.930213 -8.629967 -0.666667
-6.517067 -0.200915 -9.701417 -0.899542 -8.639967 -0.666667
-6.493450 -0.262619 -9.728225 -0.868691 -8.649967 -0.666667
-6.471467 -0.324629 -9.754216 -0.837686 -8.659967 -0.666667
-6.451095 -0.386891 -9.779403 -0.806555 -8.669967 -0.666667
-6.432309 -0.449353 -9.803795 -0.775323 -8.679967 -0.666667
-6.415085 -0.511967 -9.827407 -0.744017 -8.689967 -0.666667
-6.399397 -0.574685 -9.850252 -0.712658 -8.699967 -0.666667
-6.385216 -0.637464 -9.872342 -0.681268 -8.709967 -0.666667
-6.372514 -0.700261 -9.893693 -0.649869 -8.719967 -0.666667
-6.361265 -0.763038 -9.914318 -0.618481 -8.729967 -0.666667
-6.351437 -0.825757 -9.934232 -0.587121 -8.739967 -0.666667
-6.343002 -0.888384 -9.953449 -0.555808 -8.749967 -0.666667
-6.335931 -0.950885 -9.971984 -0.524558 -8.759967 -0.666667
-6.330194 -1.013230 -9.989853 -0.493385 -8.769967 -0.666667
-6.325761 -1.075389 -10.007069 -0.462305 -8.779967 -0.666667
-6.322603 -1.137337 -10.023649 -0.431332 -8.789967 -0.666667
-6.320690 -1.199047 -10.039605 -0.400476 -8.799967 -0.666667
-6.319994 -1.260496 -10.054953 -0.369752 -8.809967 -0.666667
-6.320485 -1.321662 -10.069707 -0.339169 -8.819967 -0.666667
-6.322136 -1.382525 -10.083882 -0.308738 -8.829967 -0.666667
-6.324918 -1.443064 -10.097491 -0.278468 -8.839967 -0.666667
-6.328803 -1.503263 -10.110549 -0.248368 -8.849967 -0.666667
-6.333764 -1.563106 -10.123068 -0.218447 -8.859967 -0.666667
-6.339774 -1.622576 -10.135063 -0.188712 -8.869967 -0.666667
-6.346807 -1.681659 -10.146546 -0.159170 -8.879967 -0.666667
-6.354838 -1.740343 -10.157531 -0.129828 -8.889967 -0.666667
-6.363840 -1.798616 -10.168030 -0.100692 -8.899967 -0.666667
-6.373790 -1.856466 -10.178055 -0.071767 -8.909967 -0.666667
-6.384663 -1.913883 -10.187619 -0.043059 -8.919967 -0.666667
-6.396435 -1.970857 -10.196733 -0.014571 -8.929967 -0.666667
-6.409082 -2.027381 -10.205409 0.013691 -8.939967 -0.666667
-6.422584 -2.083446 -10.213658 0.041723 -8.949967 -0.666667
-6.436916 -2.139045 -10.221492 0.069523 -8.959967 -0.666667
-6.452059 -2.194172 -10.228921 0.097086 -8.969967 -0.666667
-6.467990 -2.248820 -10.235955 0.124410 -8.979967 -0.666667
-6.484689 -2.302985 -10.242606 0.151493 -8.989967 -0.666667
-6.502136 -2.356661 -10.248882 0.178331 -8.999967 -0.666667
-6.520312 -2.409844 -10.254794 0.204922 -9.009967 -0.666667
-6.539197 -2.462531 -10.260352 0.231265 -9.019967 -0.666667
-6.558773 -2.514717 -10.265564 0.257359 -9.029967 -0.666667
-6.579022 -2.566401 -10.270439 0.283200 -9.039967 -0.666667
-6.599926 -2.617578 -10.274987 0.308789 -9.049967 -0.666667
-6.621469 -2.668248 -10.279216 0.334124 -9.059967 -0.666667
-6.643632 -2.718407 -10.283134 0.359204 -9.069967 -0.666667
-6.666401 -2.768055 -10.286750 0.384028 -9.079967 -0.666667
-6.689759 -2.817190 -10.290071 0.408595 -9.089967 -0.666667
-6.713691 -2.865811 -10.293105 0.432906 -9.099967 -0.666667
-6.738181 -2.913917 -10.295860 0.456959 -9.109967 -0.666667
-6.763215 -2.961508 -10.298342 0.480754 -9.119967 -0.666667
-6.788779 -3.008583 -10.300560 0.504292 -9.129967 -0.666667
-6.814859 -3.055142 -10.302520 0.527571 -9.139967 -0.666667
-6.841441 -3.101186 -10.304229 0.550593 -9.149967 -0.666667
-6.868512 -3.146713 -10.305694 0.573357 -9.159967 -0.666667
-6.896060 -3.191725 -10.306920 0.595863 -9.169967 -0.666667
-6.924071 -3.236222 -10.307915 0.618111 -9.179967 -0.666667
-6.952533 -3.280206 -10.308683 0.640103 -9.189967 -0.666667
-6.981435 -3.323675 -10.309232 0.661838 -9.199967 -0.666667
-7.010766 -3.366632 -10.309567 0.683316 -9.209967 -0.666667
-7.040512 -3.409078 -10.309694 0.704539 -9.219967 -0.666667
-7.070665 -3.451013 -10.309618 0.725507 -9.229967 -0.666667
-7.101212 -3.492440 -10.309344 0.746220 -9.239967 -0.666667
-7.132144 -3.533358 -10.308878 0.766679 -9.249967 -0.666667
-7.163450 -3.573769 -10.308225 0.786885 -9.259967 -0.666667
-7.195120 -3.613676 -10.307390 0.806838 -9.269967 -0.666667
-7.227145 -3.653079 -10.306378 0.826540 -9.279967 -0.666667
-7.259514 -3.691980 -10.305193 0.845990 -9.289967 -0.666667
-7.292220 -3.730381 -10.303840 0.865190 -9.299967 -0.666667
-7.325253 -3.768283 -10.302324 0.884141 -9.309967 -0.666667
-7.358603 -3.805688 -10.300648 0.902844 -9.319967 -0.666667
-7.392263 -3.842598 -10.298818 0.921299 -9.329967 -0.666667
-7.426224 -3.879014 -10.296838 0.939507 -9.339967 -0.666667
-7.460478 -3.914939 -10.294711 0.957469 -9.349967 -0.666667
-7.495017 -3.950374 -10.292441 0.975187 -9.359967 -0.666667
-7.529833 -3.985321 -10.290034 0.992661 -9.369967 -0.666667
-7.564918 -4.019783 -10.287491 1.009891 -9.379967 -0.666667
-7.600266 -4.053760 -10.284817 1.026880 -9.389967 -0.666667
-7.635867 -4.087256 -10.282016 1.043628 -9.399967 -0.666667
-7.671717 -4.120272 -10.279092 1.060136 -9.409967 -0.666667
-7.707807 -4.152809 -10.276046 1.076405 -9.419967 -0.666667
-7.744131 -4.184871 -10.272885 1.092435 -9.429967 -0.666667
-7.780682 -4.216458 -10.269609 1.108229 -9.439967 -0.666667
-7.817454 -4.247574 -10.266223 1.123787 -9.449967 -0.666667
-7.854440 -4.278219 -10.262730 1.139110 -9.459967 -0.666667
-7.891634 -4.308397 -10.259133 1.154198 -9.469967 -0.666667
-7.929030 -4.338108 -10.255435 1.169054 -9.479967 -0.666667
-7.966622 -4.367356 -10.251639 1.183678 -9.489967 -0.666667
-8.004404 -4.396142 -10.247748 1.198071 -9.499967 -0.666667
-8.042370 -4.424467 -10.243765 1.212234 -9.509967 -0.666667
-8.080516 -4.452335 -10.239692 1.226168 -9.519967 -0.666667
-8.118835 -4.479747 -10.235533 1.239874 -9.529967 -0.666667
-8.157321 -4.506706 -10.231289 1.253353 -9.539967 -0.666667
-8.195971 -4.533212 -10.226965 1.266606 -9.549967 -0.666667
-8.234778 -4.559269 -10.222561 1.279634 -9.559967 -0.666667
-8.273737 -4.584877 -10.218081 1.292439 -9.569967 -0.666667
-8.312844 -4.610040 -10.213528 1.305020 -9.579967 -0.666667
-8.352094 -4.634759 -10.208903 1.317379 -9.589967 -0.666667
-8.391481 -4.659035 -10.204209 1.329518 -9.599967 -0.666667
-8.431002 -4.682872 -10.199449 1.341436 -9.609967 -0.666667
-8.470651 -4.706271 -10.194624 1.353135 -9.619967 -0.666667
-8.510425 -4.729233 -10.189738 1.364616 -9.629967 -0.666667
-8.550318 -4.751761 -10.184791 1.375880 -9.639967 -0.666667
-8.590327 -4.773856 -10.179787 1.386928 -9.649967 -0.666667
-8.630446 -4.795521 -10.174727 1.397761 -9.659967 -0.666667
-8.670673 -4.816758 -10.169614 1.408379 -9.669967 -0.666667
-8.711002 -4.837567 -10.164449 1.418784 -9.679967 -0.666667
-8.751430 -4.857952 -10.159235 1.428976 -9.689967 -0.666667
-8.791953 -4.877913 -10.153974 1.438957 -9.699967 -0.666667
-8.832567 -4.897453 -10.148667 1.448726 -9.709967 -0.666667
-8.873267 -4.916573 -10.143316 1.458287 -9.719967 -0.666667
-8.914051 -4.935276 -10.137924 1.467638 -9.729967 -0.666667
-8.954915 -4.953562 -10.132493 1.476781 -9.739967 -0.666667
-8.995854 -4.971435 -10.127023 1.485717 -9.749967 -0.666667
-9.036866 -4.988894 -10.121517 1.494447 -9.759967 -0.666667
-9.077946 -5.005943 -10.115977 1.502971 -9.769967 -0.666667
-9.119092 -5.022583 -10.110404 1.511291 -9.779967 -0.666667
-9.160299 -5.038815 -10.104800 1.519407 -9.789967 -0.666667
-9.201565 -5.054641 -10.099168 1.527320 -9.799967 -0.666667
-9.242886 -5.070063 -10.093507 1.535032 -9.809967 -0.666667
-9.284259 -5.085083 -10.087821 1.542541 -9.819967 -0.666667
-9.325680 -5.099701 -10.082110 1.549851 -9.829967 -0.666667
-9.367147 -5.113921 -10.076376 1.556960 -9.839967 -0.666667
-9.408656 -5.127742 -10.070622 1.563871 -9.849967 -0.666667
-9.450205 -5.141168 -10.064848 1.570584 -9.859967 -0.666667
-9.491789 -5.154199 -10.059055 1.577099 -9.869967 -0.666667
-9.533407 -5.166837 -10.053247 1.583418 -9.879967 -0.666667
-9.575055 -5.179083 -10.047423 1.589541 -9.889967 -0.666667
-9.616730 -5.190939 -10.041585 1.595470 -9.899967 -0.666667
-9.658429 -5.202407 -10.035735 1.601203 -9.909967 -0.666667
-9.700150 -5.213487 -10.029875 1.606744 -9.919967 -0.666667
-9.741889 -5.224183 -10.024005 1.612091 -9.929967 -0.666667
-9.783645 -5.234493 -10.018128 1.617247 -9.939967 -0.666667
-9.825413 -5.244421 -10.012243 1.622211 -9.949967 -0.666667
-9.867192 -5.253968 -10.006354 1.626984 -9.959967 -0.666667
-9.908978 -5.263135 -10.000461 1.631567 -9.969967 -0.666667
-9.950770 -5.271923 -9.994565 1.635962 -9.979967 -0.666667
-9.992564 -5.280334 -9.988668 1.640167 -9.989967 -0.666667
-10.034357 -5.288370 -9.982771 1.644185 -9.999967 -0.666667
