1.775239 -0.141677 -0.902570 -0.929161 -0.009967 -0.666667
1.182858 -0.393046 -0.621379 -0.803477 -0.019967 -0.666667
0.464263 -0.675220 -0.277082 -0.662390 -0.029967 -0.666667
-0.269750 -0.959236 0.074925 -0.520382 -0.039967 -0.666667
-0.996813 -1.237603 0.423457 -0.381199 -0.049967 -0.666667
-1.638808 -1.467128 0.729454 -0.266436 -0.059967 -0.666667
-1.980377 -1.546000 0.885239 -0.227000 -0.069967 -0.666667
-1.840070 -1.403297 0.800085 -0.298351 -0.079967 -0.666667
-1.321975 -1.101202 0.526037 -0.449399 -0.089967 -0.666667
-0.662340 -0.747066 0.181220 -0.626467 -0.099967 -0.666667
0.017335 -0.387899 -0.173617 -0.806051 -0.109967 -0.666667
0.692901 -0.033373 -0.526401 -0.983313 -0.119967 -0.666667
1.302422 0.272394 -0.846161 -1.136197 -0.129967 -0.666667
1.653546 0.410646 -1.036723 -1.205323 -0.139967 -0.666667
1.556001 0.279806 -1.002951 -1.139903 -0.149967 -0.666667
1.078670 -0.062952 -0.779285 -0.968524 -0.159967 -0.666667
0.446364 -0.483411 -0.478132 -0.758294 -0.169967 -0.666667
-0.211082 -0.913604 -0.164409 -0.543198 -0.179967 -0.666667
-0.866572 -1.340266 0.148336 -0.329867 -0.189967 -0.666667
-1.472456 -1.720575 0.436278 -0.139713 -0.199967 -0.666667
-1.861691 -1.923611 0.615896 -0.038194 -0.209967 -0.666667
-1.842949 -1.816809 0.591524 -0.091595 -0.219967 -0.666667
-1.451185 -1.444521 0.380643 -0.277740 -0.229967 -0.666667
-0.893896 -0.964559 0.086998 -0.517720 -0.239967 -0.666667
-0.306117 -0.468322 -0.221891 -0.765839 -0.249967 -0.666667
0.281367 0.025544 -0.530634 -1.012772 -0.259967 -0.666667
0.833020 0.477102 -0.821460 -1.238551 -0.269967 -0.666667
1.208208 0.748185 -1.024054 -1.374092 -0.279967 -0.666667
1.222063 0.676626 -1.045982 -1.338313 -0.289967 -0.666667
0.878781 0.286719 -0.889341 -1.143360 -0.299967 -0.666667
0.363325 -0.244793 -0.646613 -0.877604 -0.309967 -0.666667
-0.187885 -0.801271 -0.386008 -0.599365 -0.319967 -0.666667
-0.740152 -1.356598 -0.124874 -0.321701 -0.329967 -0.666667
-1.267756 -1.874690 0.123928 -0.062655 -0.339967 -0.666667
-1.656438 -2.214886 0.303269 0.107443 -0.349967 -0.666667
-1.734662 -2.188390 0.327381 0.094195 -0.359967 -0.666667
-1.480721 -1.793221 0.185410 -0.103389 -0.369967 -0.666667
-1.052847 -1.219147 -0.043526 -0.390426 -0.379967 -0.666667
-0.584480 -0.609025 -0.292710 -0.695487 -0.389967 -0.666667
-0.113873 0.001319 -0.543013 -1.000659 -0.399967 -0.666667
0.340803 0.579986 -0.785352 -1.289993 -0.409967 -0.666667
0.690630 0.988201 -0.975265 -1.494101 -0.419967 -0.666667
0.783267 1.014833 -1.036583 -1.507417 -0.429967 -0.666667
0.577371 0.626828 -0.948636 -1.313414 -0.439967 -0.666667
0.201573 0.020091 -0.775736 -1.010046 -0.449967 -0.666667
-0.218400 -0.636331 -0.580750 -0.681835 -0.459967 -0.666667
-0.641713 -1.294638 -0.384094 -0.352681 -0.469967 -0.666667
-1.055651 -1.926874 -0.192125 -0.036563 -0.479967 -0.666667
-1.394753 -2.399965 -0.037573 0.199982 -0.489967 -0.666667
-1.530495 -2.485740 0.015298 0.242870 -0.499967 -0.666667
-1.409166 -2.116988 -0.060367 0.058494 -0.509967 -0.666667
-1.128500 -1.488230 -0.215700 -0.255885 -0.519967 -0.666667
-0.801652 -0.793545 -0.394124 -0.603228 -0.529967 -0.666667
-0.470424 -0.094843 -0.574738 -0.952579 -0.539967 -0.666667
-0.143883 0.583105 -0.753008 -1.291553 -0.549967 -0.666667
0.133445 1.116045 -0.906673 -1.558023 -0.559967 -0.666667
0.260052 1.264719 -0.984976 -1.632359 -0.569967 -0.666667
0.177682 0.926560 -0.958791 -1.463280 -0.579967 -0.666667
-0.046388 0.286956 -0.861756 -1.143478 -0.589967 -0.666667
-0.316306 -0.437333 -0.741797 -0.781334 -0.599967 -0.666667
-0.591525 -1.168431 -0.619187 -0.415785 -0.609967 -0.666667
-0.865216 -1.883577 -0.497342 -0.058211 -0.619967 -0.666667
-1.110821 -2.469681 -0.389539 0.234841 -0.629967 -0.666667
-1.255576 -2.682627 -0.332162 0.341313 -0.639967 -0.666667
-1.244568 -2.385245 -0.352666 0.192623 -0.649967 -0.666667
-1.116838 -1.746256 -0.431531 -0.126872 -0.659967 -0.666667
-0.946626 -1.001563 -0.531637 -0.499219 -0.669967 -0.666667
-0.770448 -0.246413 -0.634726 -0.876793 -0.679967 -0.666667
-0.593835 0.496947 -0.738033 -1.248473 -0.689967 -0.666667
-0.428571 1.128128 -0.835664 -1.564064 -0.699967 -0.666667
-0.318399 1.404314 -0.905751 -1.702157 -0.709967 -0.666667
-0.307410 1.156357 -0.926245 -1.578178 -0.719967 -0.666667
-0.380867 0.529450 -0.904517 -1.264725 -0.729967 -0.666667
-0.489726 -0.226018 -0.865087 -0.886991 -0.739967 -0.666667
-0.604739 -0.996608 -0.822580 -0.501696 -0.749967 -0.666667
-0.721271 -1.758897 -0.779314 -0.120552 -0.759967 -0.666667
-0.839070 -2.425949 -0.735415 0.212975 -0.769967 -0.666667
-0.942368 -2.762011 -0.698766 0.381006 -0.779967 -0.666667
-1.004527 -2.570254 -0.682687 0.285127 -0.789967 -0.666667
-1.021428 -1.966593 -0.689236 -0.016704 -0.799967 -0.666667
-1.014341 -1.210281 -0.707779 -0.394859 -0.809967 -0.666667
-1.001686 -0.433051 -0.729107 -0.783475 -0.819967 -0.666667
-0.987041 0.338739 -0.751429 -1.169370 -0.829967 -0.666667
-0.962227 1.031628 -0.778836 -1.515814 -0.839967 -0.666667
-0.917234 1.422027 -0.816333 -1.711013 -0.849967 -0.666667
-0.855829 1.291102 -0.862035 -1.645551 -0.859967 -0.666667
-0.794314 0.721218 -0.907793 -1.360609 -0.869967 -0.666667
-0.740515 -0.025854 -0.949692 -0.987073 -0.879967 -0.666667
-0.690570 -0.800816 -0.989665 -0.599592 -0.889967 -0.666667
-0.642679 -1.572679 -1.028611 -0.213660 -0.899967 -0.666667
-0.610644 -2.280831 -1.059628 0.140415 -0.909967 -0.666667
-0.627136 -2.718086 -1.066382 0.359043 -0.919967 -0.666667
-0.715190 -2.650292 -1.037355 0.325146 -0.929967 -0.666667
-0.853830 -2.123751 -0.983035 0.061875 -0.939967 -0.666667
-1.006249 -1.395978 -0.921825 -0.302011 -0.949967 -0.666667
-1.158070 -0.632215 -0.860915 -0.683892 -0.959967 -0.666667
-1.308039 0.130415 -0.800931 -1.065207 -0.969967 -0.666667
-1.439130 0.842992 -0.750385 -1.421496 -0.979967 -0.666667
-1.499797 1.317982 -0.735052 -1.658991 -0.989967 -0.666667
-1.437900 1.313179 -0.781000 -1.656590 -0.999967 -0.666667
-1.271221 0.838251 -0.879339 -1.419125 -1.009967 -0.666667
-1.063865 0.139616 -0.998017 -1.069808 -1.019967 -0.666667
-0.851882 -0.604080 -1.119009 -0.697960 -1.029967 -0.666667
-0.641341 -1.348401 -1.239280 -0.325799 -1.039967 -0.666667
-0.450596 -2.054563 -1.349652 0.027282 -1.049967 -0.666667
-0.345897 -2.556863 -1.417001 0.278432 -1.059967 -0.666667
-0.409086 -2.612470 -1.400407 0.306235 -1.069967 -0.666667
-0.633343 -2.195823 -1.303278 0.097912 -1.079967 -0.666667
-0.930518 -1.535728 -1.169691 -0.232136 -1.089967 -0.666667
-1.239950 -0.820807 -1.029975 -0.589597 -1.099967 -0.666667
-1.548574 -0.103543 -0.890663 -0.948229 -1.109967 -0.666667
-1.838036 0.585586 -0.760932 -1.292793 -1.119967 -0.666667
-2.031701 1.103843 -0.679100 -1.551921 -1.129967 -0.666667
-2.019044 1.214926 -0.700428 -1.607463 -1.139967 -0.666667
-1.788761 0.861359 -0.830570 -1.430679 -1.149967 -0.666667
-1.448297 0.248538 -1.015802 -1.124269 -1.159967 -0.666667
-1.085140 -0.429170 -1.212380 -0.785415 -1.169967 -0.666667
-0.721847 -1.111033 -1.409027 -0.444484 -1.179967 -0.666667
-0.376022 -1.772938 -1.596939 -0.113531 -1.189967 -0.666667
-0.130484 -2.295246 -1.734708 0.147623 -1.199967 -0.666667
-0.121947 -2.454711 -1.753977 0.227355 -1.209967 -0.666667
-0.385957 -2.166933 -1.636971 0.083467 -1.219967 -0.666667
-0.801830 -1.609212 -1.444035 -0.195394 -1.229967 -0.666667
-1.253975 -0.976776 -1.232963 -0.511612 -1.239967 -0.666667
-1.707667 -0.338177 -1.021116 -0.830911 -1.249967 -0.666667
-2.146205 0.286908 -0.816848 -1.143454 -1.259967 -0.666667
-2.484491 0.801185 -0.662705 -1.400592 -1.269967 -0.666667
-2.563340 1.000044 -0.638280 -1.500022 -1.279967 -0.666667
-2.318254 0.778530 -0.775823 -1.389265 -1.289967 -0.666667
-1.876094 0.282584 -1.011903 -1.141292 -1.299967 -0.666667
-1.380699 -0.297028 -1.274601 -0.851486 -1.309967 -0.666667
-0.881676 -0.885044 -1.539112 -0.557478 -1.319967 -0.666667
-0.395222 -1.464446 -1.797339 -0.267777 -1.329967 -0.666667
-0.005288 -1.958783 -2.007306 -0.020609 -1.339967 -0.666667
0.111123 -2.186502 -2.080512 0.093251 -1.349967 -0.666667
-0.142458 -2.029418 -1.968721 0.014709 -1.359967 -0.666667
-0.640700 -1.600543 -1.734600 -0.199729 -1.369967 -0.666667
-1.212631 -1.080664 -1.463635 -0.459668 -1.379967 -0.666667
-1.791178 -0.549943 -1.189361 -0.725028 -1.389967 -0.666667
-2.359751 -0.024251 -0.920074 -0.987874 -1.399967 -0.666667
-2.838379 0.438734 -0.695760 -1.219367 -1.409967 -0.666667
-3.037496 0.683627 -0.611202 -1.341813 -1.419967 -0.666667
-2.827485 0.586848 -0.731207 -1.293424 -1.429967 -0.666667
-2.324242 0.228744 -0.997829 -1.114372 -1.439967 -0.666667
-1.723424 -0.225278 -1.313238 -0.887361 -1.449967 -0.666667
-1.111836 -0.692651 -1.634032 -0.653675 -1.459967 -0.666667
-0.507789 -1.157525 -1.951055 -0.421237 -1.469967 -0.666667
0.014888 -1.578518 -2.227394 -0.210741 -1.479967 -0.666667
0.259598 -1.828180 -2.364749 -0.085910 -1.489967 -0.666667
0.064270 -1.785399 -2.282085 -0.107301 -1.499967 -0.666667
-0.472272 -1.499988 -2.028814 -0.250006 -1.509967 -0.666667
-1.133466 -1.117016 -1.713217 -0.441492 -1.519967 -0.666667
-1.810989 -0.718324 -1.389456 -0.640838 -1.529967 -0.666667
-2.483163 -0.320404 -1.068368 -0.839798 -1.539967 -0.666667
-3.083758 0.048964 -0.783071 -1.024482 -1.549967 -0.666667
-3.414633 0.290713 -0.632633 -1.145356 -1.559967 -0.666667
-3.283731 0.293638 -0.713084 -1.146819 -1.569967 -0.666667
-2.765914 0.080921 -0.986993 -1.040461 -1.579967 -0.666667
-2.093627 -0.226887 -1.338136 -0.886556 -1.589967 -0.666667
-1.397836 -0.552342 -1.701032 -0.723829 -1.599967 -0.666667
-0.705441 -0.878175 -2.062229 -0.560912 -1.609967 -0.666667
-0.074320 -1.187469 -2.392790 -0.406266 -1.619967 -0.666667
0.301007 -1.408786 -2.595453 -0.295607 -1.629967 -0.666667
0.202536 -1.447423 -2.561218 -0.276288 -1.639967 -0.666667
-0.324550 -1.305398 -2.312675 -0.347301 -1.649967 -0.666667
-1.037996 -1.075640 -1.970952 -0.462180 -1.659967 -0.666667
-1.783891 -0.827145 -1.613004 -0.586427 -1.669967 -0.666667
-2.528171 -0.577513 -1.255865 -0.711244 -1.679967 -0.666667
-3.221410 -0.335423 -0.924245 -0.832288 -1.689967 -0.666667
-3.677302 -0.146483 -0.711299 -0.926758 -1.699967 -0.666667
-3.657222 -0.083473 -0.736339 -0.958263 -1.709967 -0.666667
-3.172496 -0.158839 -0.993702 -0.920580 -1.719967 -0.666667
-2.468319 -0.309019 -1.360791 -0.845490 -1.729967 -0.666667
-1.720911 -0.477729 -1.749495 -0.761136 -1.739967 -0.666667
-0.973391 -0.648067 -2.138254 -0.675966 -1.749967 -0.666667
-0.267217 -0.817223 -2.506342 -0.591389 -1.759967 -0.666667
0.223372 -0.962784 -2.766636 -0.518608 -1.769967 -0.666667
0.245367 -1.037896 -2.792634 -0.481052 -1.779967 -0.666667
-0.226127 -1.023175 -2.571886 -0.488413 -1.789967 -0.666667
-0.950298 -0.952623 -2.224801 -0.523689 -1.799967 -0.666667
-1.730275 -0.865569 -1.849813 -0.567216 -1.809967 -0.666667
-2.512194 -0.776604 -1.473853 -0.611698 -1.819967 -0.666667
-3.261584 -0.684671 -1.114158 -0.657664 -1.829967 -0.666667
-3.819264 -0.592232 -0.850318 -0.703884 -1.839967 -0.666667
-3.924607 -0.517767 -0.812646 -0.741117 -1.849967 -0.666667
-3.516086 -0.479715 -1.031907 -0.760143 -1.859967 -0.666667
-2.822755 -0.472158 -1.393572 -0.763921 -1.869967 -0.666667
-2.059415 -0.476705 -1.790243 -0.761647 -1.879967 -0.666667
-1.292032 -0.483215 -2.188934 -0.758393 -1.889967 -0.666667
-0.549457 -0.495076 -2.575222 -0.752462 -1.899967 -0.666667
0.026268 -0.526161 -2.878084 -0.736920 -1.909967 -0.666667
0.173778 -0.587227 -2.966839 -0.706386 -1.919967 -0.666667
-0.203516 -0.668524 -2.793192 -0.665738 -1.929967 -0.666667
-0.895322 -0.751039 -2.462289 -0.624481 -1.939967 -0.666667
-1.672659 -0.828774 -2.088620 -0.585613 -1.949967 -0.666667
-2.456568 -0.904820 -1.711666 -0.547590 -1.959967 -0.666667
-3.222196 -0.974471 -1.343852 -0.512765 -1.969967 -0.666667
-3.845796 -1.011279 -1.047052 -0.494360 -1.979967 -0.666667
-4.071896 -0.975901 -0.949002 -0.512049 -1.989967 -0.666667
-3.772279 -0.862266 -1.113810 -0.568867 -1.999967 -0.666667
-3.132267 -0.709596 -1.448816 -0.645202 -2.009967 -0.666667
-2.390345 -0.550933 -1.834777 -0.724534 -2.019967 -0.666667
-1.638766 -0.393189 -2.225567 -0.803405 -2.029967 -0.666667
-0.900132 -0.241936 -2.609884 -0.879032 -2.039967 -0.666667
-0.279609 -0.132505 -2.935146 -0.933748 -2.049967 -0.666667
-0.020742 -0.130811 -3.079579 -0.934595 -2.059967 -0.666667
-0.278303 -0.264842 -2.965798 -0.867579 -2.069967 -0.666667
-0.896948 -0.481240 -2.671476 -0.759380 -2.079967 -0.666667
-1.634131 -0.718304 -2.317885 -0.640848 -2.089967 -0.666667
-2.384690 -0.955949 -1.957605 -0.522026 -2.099967 -0.666667
-3.126531 -1.187625 -1.601685 -0.406188 -2.109967 -0.666667
-3.772574 -1.372552 -1.293663 -0.313724 -2.119967 -0.666667
-4.096378 -1.421396 -1.146761 -0.289302 -2.129967 -0.666667
-3.922984 -1.279551 -1.248458 -0.360225 -2.139967 -0.666667
-3.374291 -1.007391 -1.537805 -0.496304 -2.149967 -0.666667
-2.690938 -0.695659 -1.894481 -0.652170 -2.159967 -0.666667
-1.989844 -0.380825 -2.260028 -0.809587 -2.169967 -0.666667
-1.294209 -0.071086 -2.622845 -0.964457 -2.179967 -0.666667
-0.674177 0.190368 -2.947862 -1.095184 -2.189967 -0.666667
-0.334969 0.294802 -3.132466 -1.147401 -2.199967 -0.666667
-0.464462 0.157920 -3.082719 -1.078960 -2.209967 -0.666667
-0.975889 -0.160629 -2.842005 -0.919685 -2.219967 -0.666667
-1.636721 -0.542080 -2.526590 -0.728960 -2.229967 -0.666667
-2.320226 -0.930496 -2.199837 -0.534752 -2.239967 -0.666667
-3.000748 -1.314863 -1.874576 -0.342568 -2.249967 -0.666667
-3.623407 -1.652100 -1.578246 -0.173950 -2.259967 -0.666667
-4.007149 -1.818660 -1.401376 -0.090670 -2.269967 -0.666667
-3.958888 -1.699256 -1.440506 -0.150372 -2.279967 -0.666667
-3.530500 -1.344895 -1.669700 -0.327553 -2.289967 -0.666667
-2.940305 -0.899881 -1.979798 -0.550060 -2.299967 -0.666667
-2.322109 -0.442361 -2.303895 -0.778820 -2.309967 -0.666667
-1.705007 0.012227 -2.627447 -1.006113 -2.319967 -0.666667
-1.130650 0.422837 -2.929625 -1.211418 -2.329967 -0.666667
-0.754187 0.655979 -3.132857 -1.327990 -2.339967 -0.666667
-0.766208 0.565847 -3.141846 -1.282923 -2.349967 -0.666667
-1.147563 0.187197 -2.966169 -1.093598 -2.359967 -0.666667
-1.699773 -0.314055 -2.705063 -0.842972 -2.369967 -0.666667
-2.285422 -0.835355 -2.427239 -0.582322 -2.379967 -0.666667
-2.871474 -1.354890 -2.149213 -0.322555 -2.389967 -0.666667
-3.427262 -1.834949 -1.886319 -0.082525 -2.399967 -0.666667
-3.824110 -2.136956 -1.702895 0.068478 -2.409967 -0.666667
-3.881176 -2.086723 -1.689362 0.043361 -2.419967 -0.666667
-3.588874 -1.695947 -1.850513 -0.152026 -2.429967 -0.666667
-3.121041 -1.146879 -2.099429 -0.426560 -2.439967 -0.666667
-2.614601 -0.567938 -2.367649 -0.716031 -2.449967 -0.666667
-2.106493 0.010508 -2.636704 -1.005254 -2.459967 -0.666667
-1.618690 0.554749 -2.895605 -1.277374 -2.469967 -0.666667
-1.253910 0.925715 -3.092995 -1.462858 -2.479967 -0.666667
-1.176806 0.924450 -3.146547 -1.462225 -2.489967 -0.666667
-1.420147 0.533992 -3.039876 -1.266996 -2.499967 -0.666667
-1.838365 -0.053478 -2.845767 -0.973261 -2.509967 -0.666667
-2.299600 -0.683145 -2.630150 -0.658428 -2.519967 -0.666667
-2.763655 -1.313803 -2.413123 -0.343098 -2.529967 -0.666667
-3.215053 -1.915802 -2.202424 -0.042099 -2.539967 -0.666667
-3.575592 -2.353708 -2.037154 0.176854 -2.549967 -0.666667
-3.702118 -2.408583 -1.988891 0.204292 -2.559967 -0.666667
-3.545466 -2.030773 -2.082217 0.015386 -2.569967 -0.666667
-3.220760 -1.415159 -2.259570 -0.292421 -2.579967 -0.666667
-2.849962 -0.742414 -2.459969 -0.628793 -2.589967 -0.666667
-2.475251 -0.066811 -2.662325 -0.966594 -2.599967 -0.666667
-2.107573 0.585563 -2.861163 -1.292781 -2.609967 -0.666667
-1.802810 1.086409 -3.028545 -1.543204 -2.619967 -0.666667
-1.678645 1.202440 -3.105628 -1.601220 -2.629967 -0.666667
-1.793053 0.849088 -3.063424 -1.424544 -2.639967 -0.666667
-2.061860 0.216246 -2.944020 -1.108123 -2.649967 -0.666667
-2.377857 -0.491262 -2.801022 -0.754369 -2.659967 -0.666667
-2.698785 -1.204060 -2.655557 -0.397970 -2.669967 -0.666667
-3.016602 -1.898661 -2.511649 -0.050669 -2.679967 -0.666667
-3.295003 -2.456664 -2.387448 0.228332 -2.689967 -0.666667
-3.444296 -2.636541 -2.327802 0.318271 -2.699967 -0.666667
-3.405610 -2.318521 -2.362145 0.159260 -2.709967 -0.666667
-3.233428 -1.679797 -2.463236 -0.160101 -2.719967 -0.666667
-3.015627 -0.946437 -2.587137 -0.526782 -2.729967 -0.666667
-2.792045 -0.204589 -2.713928 -0.897706 -2.739967 -0.666667
-2.569015 0.523519 -2.840442 -1.261759 -2.749967 -0.666667
-2.366354 1.131348 -2.956773 -1.565674 -2.759967 -0.666667
-2.244713 1.375359 -3.032594 -1.687680 -2.769967 -0.666667
-2.256103 1.102212 -3.041899 -1.551106 -2.779967 -0.666667
-2.372701 0.469121 -2.998600 -1.234560 -2.789967 -0.666667
-2.529989 -0.280686 -2.934955 -0.859657 -2.799967 -0.666667
-2.693558 -1.043122 -2.868171 -0.478439 -2.809967 -0.666667
-2.858095 -1.795619 -2.800902 -0.102191 -2.819967 -0.666667
-3.017046 -2.444671 -2.736427 0.222335 -2.829967 -0.666667
-3.138450 -2.750721 -2.690725 0.375361 -2.839967 -0.666667
-3.184291 -2.530291 -2.682804 0.265145 -2.849967 -0.666667
-3.160397 -1.914217 -2.709752 -0.042891 -2.859967 -0.666667
-3.104764 -1.157754 -2.752568 -0.421123 -2.869967 -0.666667
-3.042958 -0.383427 -2.798471 -0.808287 -2.879967 -0.666667
-2.979406 0.384110 -2.845247 -1.192055 -2.889967 -0.666667
-2.910589 1.064791 -2.894655 -1.532395 -2.899967 -0.666667
-2.841375 1.428516 -2.944262 -1.714258 -2.909967 -0.666667
-2.789674 1.266642 -2.985113 -1.633321 -2.919967 -0.666667
-2.765597 0.678523 -3.012152 -1.339262 -2.929967 -0.666667
-2.759698 -0.074565 -3.030101 -0.962717 -2.939967 -0.666667
-2.758931 -0.851926 -3.045484 -0.574037 -2.949967 -0.666667
-2.760181 -1.625073 -3.059859 -0.187463 -2.959967 -0.666667
-2.774070 -2.327090 -3.067915 0.163545 -2.969967 -0.666667
-2.820177 -2.742050 -3.059862 0.371025 -2.979967 -0.666667
-2.905455 -2.642333 -3.032222 0.321166 -2.989967 -0.666667
-3.010970 -2.092323 -2.994465 0.046161 -2.999967 -0.666667
-3.116931 -1.352720 -2.956485 -0.323640 -3.009967 -0.666667
-3.220121 -0.581259 -2.919889 -0.709370 -3.019967 -0.666667
-3.321356 0.188120 -2.884272 -1.094060 -3.029967 -0.666667
-3.405532 0.900767 -2.857184 -1.450383 -3.039967 -0.666667
-3.432072 1.358710 -2.858914 -1.679355 -3.049967 -0.666667
-3.365966 1.322354 -2.906967 -1.661177 -3.059967 -0.666667
-3.227240 0.819491 -2.991330 -1.409745 -3.069967 -0.666667
-3.064089 0.103380 -3.087905 -1.051690 -3.079967 -0.666667
-2.899601 -0.653258 -3.185150 -0.673371 -3.089967 -0.666667
-2.736778 -1.409656 -3.281561 -0.295172 -3.099967 -0.666667
-2.593036 -2.122080 -3.368432 0.061040 -3.109967 -0.666667
-2.525968 -2.613263 -3.416966 0.306632 -3.119967 -0.666667
-2.600151 -2.639021 -3.394874 0.319510 -3.129967 -0.666667
-2.802355 -2.190905 -3.308773 0.095452 -3.139967 -0.666667
-3.058389 -1.507978 -3.195756 -0.246011 -3.149967 -0.666667
-3.322052 -0.774986 -3.078924 -0.612507 -3.159967 -0.666667
-3.584548 -0.040511 -2.962676 -0.979745 -3.169967 -0.666667
-3.827780 0.660933 -2.856060 -1.330467 -3.179967 -0.666667
-3.981398 1.174478 -2.794251 -1.587239 -3.189967 -0.666667
-3.951416 1.258689 -2.824242 -1.629345 -3.199967 -0.666667
-3.736727 0.871189 -2.946587 -1.435594 -3.209967 -0.666667
-3.433551 0.230603 -3.113175 -1.115302 -3.219967 -0.666667
-3.113843 -0.470123 -3.288028 -0.764939 -3.229967 -0.666667
-2.794547 -1.174091 -3.462677 -0.412955 -3.239967 -0.666667
-2.493383 -1.854115 -3.628258 -0.072943 -3.249967 -0.666667
-2.289177 -2.378384 -3.745362 0.189192 -3.259967 -0.666667
-2.303607 -2.515111 -3.753147 0.257555 -3.269967 -0.666667
-2.558846 -2.192117 -3.640527 0.096058 -3.279967 -0.666667
-2.942029 -1.602253 -3.463935 -0.198873 -3.289967 -0.666667
-3.353632 -0.942101 -3.273134 -0.528949 -3.299967 -0.666667
-3.765963 -0.276790 -3.081968 -0.861605 -3.309967 -0.666667
-4.162138 0.371874 -2.898881 -1.185937 -3.319967 -0.666667
-4.458934 0.894847 -2.765483 -1.447423 -3.329967 -0.666667
-4.510066 1.076103 -2.754917 -1.538051 -3.339967 -0.666667
-4.266788 0.819340 -2.891556 -1.409670 -3.349967 -0.666667
-3.852046 0.287564 -3.113927 -1.143782 -3.359967 -0.666667
-3.393708 -0.324140 -3.358096 -0.837930 -3.369967 -0.666667
-2.932943 -0.943150 -3.603479 -0.528425 -3.379967 -0.666667
-2.485906 -1.551167 -3.841997 -0.224416 -3.389967 -0.666667
-2.136528 -2.060808 -4.031686 0.030404 -3.399967 -0.666667
-2.051524 -2.276863 -4.089188 0.138432 -3.409967 -0.666667
-2.310163 -2.085774 -3.974868 0.042887 -3.419967 -0.666667
-2.786837 -1.618194 -3.751532 -0.190903 -3.429967 -0.666667
-3.325750 -1.062249 -3.497075 -0.468876 -3.439967 -0.666667
-3.869577 -0.496620 -3.240161 -0.751690 -3.449967 -0.666667
-4.402245 0.062245 -2.988827 -1.031123 -3.459967 -0.666667
-4.842273 0.546838 -2.783813 -1.273419 -3.469967 -0.666667
-5.007474 0.786589 -2.716213 -1.393294 -3.479967 -0.666667
-4.785880 0.658303 -2.842010 -1.329152 -3.489967 -0.666667
-4.297906 0.259545 -3.100997 -1.129772 -3.499967 -0.666667
-3.725540 -0.234033 -3.402180 -0.882983 -3.509967 -0.666667
-3.144738 -0.739830 -3.707581 -0.630085 -3.519967 -0.666667
-2.572601 -1.241907 -4.008649 -0.379046 -3.529967 -0.666667
-2.085639 -1.690359 -4.267130 -0.154820 -3.539967 -0.666667
-1.876099 -1.941743 -4.386900 -0.029128 -3.549967 -0.666667
-2.088956 -1.871135 -4.295472 -0.064432 -3.559967 -0.666667
-2.616831 -1.544141 -4.046534 -0.227930 -3.569967 -0.666667
-3.254615 -1.118688 -3.742643 -0.440656 -3.579967 -0.666667
-3.905647 -0.678492 -3.432126 -0.660754 -3.589967 -0.666667
-4.550307 -0.239899 -3.124797 -0.880050 -3.599967 -0.666667
-5.118888 0.162199 -2.855506 -1.081100 -3.609967 -0.666667
-5.414617 0.412635 -2.722642 -1.206317 -3.619967 -0.666667
-5.261042 0.392473 -2.814429 -1.196236 -3.629967 -0.666667
-4.745161 0.138333 -3.087369 -1.069167 -3.639967 -0.666667
-4.090825 -0.214234 -3.429537 -0.892883 -3.649967 -0.666667
-3.416905 -0.583802 -3.781497 -0.708099 -3.659967 -0.666667
-2.747309 -0.953196 -4.131296 -0.523402 -3.669967 -0.666667
-2.143810 -1.299817 -4.448045 -0.350091 -3.679967 -0.666667
-1.802353 -1.536646 -4.633774 -0.231677 -3.689967 -0.666667
-1.927642 -1.557831 -4.586129 -0.221085 -3.699967 -0.666667
-2.459460 -1.375668 -4.335220 -0.312166 -3.709967 -0.666667
-3.160756 -1.099601 -3.999572 -0.450200 -3.719967 -0.666667
-3.889683 -0.804887 -3.650109 -0.597556 -3.729967 -0.666667
-4.616127 -0.509397 -3.301887 -0.745302 -3.739967 -0.666667
-5.286691 -0.226132 -2.981604 -0.886934 -3.749967 -0.666667
-5.711174 -0.015216 -2.784363 -0.992392 -3.759967 -0.666667
-5.661285 0.036666 -2.824307 -1.018333 -3.769967 -0.666667
-5.165424 -0.076425 -3.087238 -0.961787 -3.779967 -0.666667
-4.467349 -0.273669 -3.451276 -0.863165 -3.789967 -0.666667
-3.731770 -0.490161 -3.834065 -0.754920 -3.799967 -0.666667
-2.996945 -0.708060 -4.216477 -0.645970 -3.809967 -0.666667
-2.308077 -0.921446 -4.575912 -0.539277 -3.819967 -0.666667
-1.845363 -1.094888 -4.822268 -0.452556 -3.829967 -0.666667
-1.854896 -1.165652 -4.832502 -0.417174 -3.839967 -0.666667
-2.343454 -1.116705 -4.603223 -0.441647 -3.849967 -0.666667
-3.067707 -0.999192 -4.256097 -0.500404 -3.859967 -0.666667
-3.841183 -0.863367 -3.884358 -0.568316 -3.869967 -0.666667
-4.615661 -0.725733 -3.512119 -0.637134 -3.879967 -0.666667
-5.353404 -0.587329 -3.158248 -0.706336 -3.889967 -0.666667
-5.887677 -0.461833 -2.906111 -0.769084 -3.899967 -0.666667
-5.961107 -0.384729 -2.884396 -0.807635 -3.909967 -0.666667
-5.530272 -0.376397 -3.114814 -0.811802 -3.919967 -0.666667
-4.830664 -0.414799 -3.479618 -0.792601 -3.929967 -0.666667
-4.068364 -0.468497 -3.875768 -0.765751 -3.939967 -0.666667
-3.303116 -0.524199 -4.273392 -0.737901 -3.949967 -0.666667
-2.566362 -0.583957 -4.656769 -0.708022 -3.959967 -0.666667
-2.008808 -0.652413 -4.950546 -0.673793 -3.969967 -0.666667
-1.892250 -0.723047 -5.023825 -0.638476 -3.979967 -0.666667
-2.296240 -0.780015 -4.836830 -0.609993 -3.989967 -0.666667
-3.000387 -0.818499 -4.499757 -0.590751 -3.999967 -0.666667
-3.782215 -0.847342 -4.123843 -0.576329 -4.009967 -0.666667
-4.569291 -0.874252 -3.745304 -0.562874 -4.019967 -0.666667
-5.334973 -0.895378 -3.377464 -0.552311 -4.029967 -0.666667
-5.946233 -0.891456 -3.086834 -0.554272 -4.039967 -0.666667
-6.143643 -0.839892 -3.003129 -0.580054 -4.049967 -0.666667
-5.813984 -0.744476 -3.182958 -0.627762 -4.059967 -0.666667
-5.155850 -0.632981 -3.527025 -0.683510 -4.069967 -0.666667
-4.403908 -0.522286 -3.917996 -0.738857 -4.079967 -0.666667
-3.643913 -0.413054 -4.312993 -0.793473 -4.089967 -0.666667
-2.899405 -0.310188 -4.700247 -0.844906 -4.099967 -0.666667
-2.284987 -0.243830 -5.022456 -0.878085 -4.109967 -0.666667
-2.051337 -0.264391 -5.154281 -0.867804 -4.119967 -0.666667
-2.341113 -0.386835 -5.024393 -0.806583 -4.129967 -0.666667
-2.983223 -0.565817 -4.718339 -0.717092 -4.139967 -0.666667
-3.735873 -0.756522 -4.357014 -0.621739 -4.149967 -0.666667
-4.499990 -0.946835 -3.989955 -0.526583 -4.159967 -0.666667
-5.253379 -1.130985 -3.628261 -0.434508 -4.169967 -0.666667
-5.899775 -1.271533 -3.320063 -0.364233 -4.179967 -0.666667
-6.202905 -1.292815 -3.183498 -0.353592 -4.189967 -0.666667
-5.996391 -1.155627 -3.301754 -0.422187 -4.199967 -0.666667
-5.419493 -0.916282 -3.605204 -0.541859 -4.209967 -0.666667
-4.715395 -0.648603 -3.972252 -0.675699 -4.219967 -0.666667
-3.995754 -0.379378 -4.347073 -0.810311 -4.229967 -0.666667
-3.283122 -0.115630 -4.718389 -0.942185 -4.239967 -0.666667
-2.656233 0.101167 -5.046833 -1.050583 -4.249967 -0.666667
-2.332259 0.173670 -5.223821 -1.086835 -4.259967 -0.666667
-2.494459 0.034464 -5.157721 -1.017232 -4.269967 -0.666667
-3.038077 -0.256629 -4.900911 -0.871686 -4.279967 -0.666667
-3.724667 -0.597031 -4.572617 -0.701485 -4.289967 -0.666667
-4.431505 -0.942088 -4.234198 -0.528956 -4.299967 -0.666667
-5.134180 -1.282618 -3.897860 -0.358691 -4.309967 -0.666667
-5.770083 -1.575905 -3.594908 -0.212048 -4.319967 -0.666667
-6.144725 -1.707241 -3.422588 -0.146379 -4.329967 -0.666667
-6.065486 -1.578736 -3.477207 -0.210632 -4.339967 -0.666667
-5.601820 -1.245834 -3.724040 -0.377083 -4.349967 -0.666667
-4.981221 -0.838183 -4.049340 -0.580909 -4.359967 -0.666667
-4.335160 -0.421257 -4.387370 -0.789371 -4.369967 -0.666667
-3.691097 -0.007794 -4.724401 -0.996103 -4.379967 -0.666667
-3.097368 0.360500 -5.036266 -1.180250 -4.389967 -0.666667
-2.723400 0.556290 -5.238250 -1.278145 -4.399967 -0.666667
-2.763408 0.450730 -5.233246 -1.225365 -4.409967 -0.666667
-3.182104 0.087061 -5.038898 -1.043531 -4.419967 -0.666667
-3.768890 -0.381169 -4.760505 -0.809416 -4.429967 -0.666667
-4.386634 -0.865135 -4.466633 -0.567433 -4.439967 -0.666667
-5.004060 -1.346758 -4.172920 -0.326621 -4.449967 -0.666667
-5.584962 -1.786977 -3.897469 -0.106511 -4.459967 -0.666667
-5.986164 -2.050710 -3.711868 0.025355 -4.469967 -0.666667
-6.019392 -1.979417 -3.710254 -0.010292 -4.479967 -0.666667
-5.688807 -1.596837 -3.890546 -0.201582 -4.489967 -0.666667
-5.182810 -1.075846 -4.158545 -0.462077 -4.499967 -0.666667
-4.640401 -0.530505 -4.444749 -0.734747 -4.509967 -0.666667
-4.096936 0.013687 -4.731482 -1.006843 -4.519967 -0.666667
-3.578767 0.521309 -5.005567 -1.260654 -4.529967 -0.666667
-3.202764 0.854288 -5.208568 -1.427144 -4.539967 -0.666667
-3.144345 0.827231 -5.252777 -1.413615 -4.549967 -0.666667
-3.425724 0.438081 -5.127088 -1.219040 -4.559967 -0.666667
-3.885005 -0.126793 -4.912447 -0.936603 -4.569967 -0.666667
-4.385671 -0.727040 -4.677114 -0.636480 -4.579967 -0.666667
-4.888604 -1.327488 -4.440648 -0.336256 -4.589967 -0.666667
-5.375051 -1.896733 -4.212424 -0.051634 -4.599967 -0.666667
-5.753488 -2.298100 -4.038206 0.149050 -4.609967 -0.666667
-5.867295 -2.323529 -3.996302 0.161765 -4.619967 -0.666667
-5.674063 -1.940258 -4.107918 -0.029871 -4.629967 -0.666667
-5.306184 -1.341314 -4.306858 -0.329343 -4.639967 -0.666667
-4.892962 -0.693393 -4.528469 -0.653304 -4.649967 -0.666667
-4.476335 -0.043626 -4.751782 -0.978187 -4.659967 -0.666667
-4.069555 0.580394 -4.970173 -1.290197 -4.669967 -0.666667
-3.740607 1.047233 -5.149646 -1.523616 -4.679967 -0.666667
-3.622607 1.131374 -5.223647 -1.565687 -4.689967 -0.666667
-3.770942 0.766136 -5.164479 -1.383068 -4.699967 -0.666667
-4.084152 0.143705 -5.022874 -1.071852 -4.709967 -0.666667
-4.445039 -0.543948 -4.857431 -0.728026 -4.719967 -0.666667
-4.810416 -1.235566 -4.689742 -0.382217 -4.729967 -0.666667
-5.170719 -1.906639 -4.524590 -0.046681 -4.739967 -0.666667
-5.479036 -2.434137 -4.385432 0.217069 -4.749967 -0.666667
-5.629063 -2.580972 -4.325419 0.290486 -4.759967 -0.666667
-5.560231 -2.245213 -4.374834 0.122607 -4.769967 -0.666667
-5.343372 -1.610443 -4.498264 -0.194778 -4.779967 -0.666667
-5.078800 -0.891643 -4.645550 -0.554178 -4.789967 -0.666667
-4.808757 -0.166091 -4.795571 -0.916954 -4.799967 -0.666667
-4.540550 0.543634 -4.944675 -1.271817 -4.809967 -0.666667
-4.302937 1.125301 -5.078481 -1.562651 -4.819967 -0.666667
-4.173572 1.336441 -5.158164 -1.668221 -4.829967 -0.666667
-4.210305 1.040487 -5.154798 -1.520243 -4.839967 -0.666667
-4.370848 0.404846 -5.089526 -1.202423 -4.849967 -0.666667
-4.576144 -0.335957 -5.001878 -0.832021 -4.859967 -0.666667
-4.787650 -1.087162 -4.911125 -0.456419 -4.869967 -0.666667
-4.999358 -1.826645 -4.820271 -0.086678 -4.879967 -0.666667
-5.197496 -2.454564 -4.736202 0.227282 -4.889967 -0.666667
-5.333452 -2.729217 -4.683224 0.364608 -4.899967 -0.666667
-5.359618 -2.481888 -4.685141 0.240944 -4.909967 -0.666667
-5.293546 -1.856885 -4.733177 -0.071557 -4.919967 -0.666667
-5.189365 -1.103677 -4.800268 -0.448162 -4.929967 -0.666667
-5.078693 -0.335385 -4.870604 -0.832308 -4.939967 -0.666667
-4.966673 0.424635 -4.941614 -1.212318 -4.949967 -0.666667
-4.855307 1.089742 -5.012297 -1.544871 -4.959967 -0.666667
-4.765112 1.424775 -5.072394 -1.712388 -4.969967 -0.666667
-4.726746 1.233050 -5.106577 -1.616525 -4.979967 -0.666667
-4.742048 0.629925 -5.113926 -1.314962 -4.989967 -0.666667
-4.784495 -0.125764 -5.107702 -0.937118 -4.999967 -0.666667
-4.832961 -0.902369 -5.098469 -0.548816 -5.009967 -0.666667
-4.883300 -1.673540 -5.088300 -0.163230 -5.019967 -0.666667
-4.942183 -2.365912 -5.073859 0.182956 -5.029967 -0.666667
-5.015085 -2.756003 -5.052407 0.378001 -5.039967 -0.666667
-5.093815 -2.624737 -5.028043 0.312368 -5.049967 -0.666667
-5.163743 -2.054132 -5.008079 0.027066 -5.059967 -0.666667
-5.222340 -1.306065 -4.993780 -0.346968 -5.069967 -0.666667
-5.276504 -0.530049 -4.981698 -0.734975 -5.079967 -0.666667
-5.328684 0.242863 -4.970608 -1.121431 -5.089967 -0.666667
-5.366352 0.952007 -4.966774 -1.476004 -5.099967 -0.666667
-5.361079 1.389870 -4.984411 -1.694935 -5.109967 -0.666667
-5.294535 1.321595 -5.032682 -1.660798 -5.119967 -0.666667
-5.186685 0.793220 -5.101607 -1.396610 -5.129967 -0.666667
-5.069108 0.062881 -5.175396 -1.031441 -5.139967 -0.666667
-4.952859 -0.703599 -5.248521 -0.648201 -5.149967 -0.666667
-4.838430 -1.468940 -5.320735 -0.265530 -5.159967 -0.666667
-4.741792 -2.184070 -5.384054 0.092035 -5.169967 -0.666667
-4.710611 -2.660749 -5.414644 0.330375 -5.179967 -0.666667
-4.792160 -2.655566 -5.388870 0.327783 -5.189967 -0.666667
-4.969005 -2.177864 -5.315448 0.088932 -5.199967 -0.666667
-5.182071 -1.475166 -5.223915 -0.262417 -5.209967 -0.666667
-5.398873 -0.727124 -5.130513 -0.636438 -5.219967 -0.666667
-5.614230 0.021545 -5.037835 -1.010773 -5.229967 -0.666667
-5.810645 0.731836 -4.954628 -1.365918 -5.239967 -0.666667
-5.925350 1.237042 -4.912275 -1.618521 -5.249967 -0.666667
-5.881392 1.292603 -4.949254 -1.646301 -5.259967 -0.666667
-5.685887 0.872443 -5.062007 -1.436222 -5.269967 -0.666667
-5.422265 0.206890 -5.208817 -1.103445 -5.279967 -0.666667
-5.147447 -0.513953 -5.361226 -0.743023 -5.289967 -0.666667
-4.873476 -1.237154 -5.513212 -0.381423 -5.299967 -0.666667
-4.618008 -1.931977 -5.655946 -0.034012 -5.309967 -0.666667
-4.454631 -2.454454 -5.752635 0.227227 -5.319967 -0.666667
-4.489085 -2.566047 -5.750408 0.283024 -5.329967 -0.666667
-4.731791 -2.208446 -5.644055 0.104223 -5.339967 -0.666667
-5.079607 -1.588901 -5.485147 -0.205550 -5.349967 -0.666667
-5.448886 -0.903773 -5.315507 -0.548114 -5.359967 -0.666667
-5.818231 -0.214449 -5.145835 -0.892775 -5.369967 -0.666667
-6.170596 0.454674 -4.984652 -1.227337 -5.379967 -0.666667
-6.425781 0.982577 -4.872060 -1.491288 -5.389967 -0.666667
-6.451625 1.143308 -4.874138 -1.571654 -5.399967 -0.666667
-6.213964 0.851208 -5.007968 -1.425604 -5.409967 -0.666667
-5.829682 0.285652 -5.215109 -1.142826 -5.419967 -0.666667
-5.410515 -0.355607 -5.439692 -0.822197 -5.429967 -0.666667
-4.989908 -1.003106 -5.664996 -0.498447 -5.439967 -0.666667
-4.584101 -1.636866 -5.882900 -0.181567 -5.449967 -0.666667
-4.276004 -2.158134 -6.051948 0.079067 -5.459967 -0.666667
-4.220579 -2.359188 -6.094660 0.179594 -5.469967 -0.666667
-4.480552 -2.133303 -5.979674 0.066651 -5.479967 -0.666667
-4.932308 -1.628591 -5.768796 -0.185704 -5.489967 -0.666667
-5.435775 -1.038868 -5.532063 -0.480566 -5.499967 -0.666667
-5.942727 -0.440613 -5.293586 -0.779693 -5.509967 -0.666667
-6.437357 0.148829 -5.061271 -1.074415 -5.519967 -0.666667
-6.837496 0.651540 -4.876202 -1.325770 -5.529967 -0.666667
-6.969947 0.882520 -4.824976 -1.441260 -5.539967 -0.666667
-6.740275 0.721252 -4.954812 -1.360626 -5.549967 -0.666667
-6.271149 0.282878 -5.204375 -1.141439 -5.559967 -0.666667
-5.729960 -0.248264 -5.489970 -0.875868 -5.569967 -0.666667
-5.182331 -0.790444 -5.778785 -0.604778 -5.579967 -0.666667
-4.644512 -1.327434 -6.062694 -0.336283 -5.589967 -0.666667
-4.195064 -1.800122 -6.302418 -0.099939 -5.599967 -0.666667
-4.020224 -2.049442 -6.404838 0.024721 -5.609967 -0.666667
-4.247453 -1.948894 -6.306224 -0.025553 -5.619967 -0.666667
-4.762938 -1.580772 -6.063481 -0.209614 -5.629967 -0.666667
-5.374324 -1.114489 -5.772788 -0.442755 -5.639967 -0.666667
-5.996270 -0.634565 -5.476815 -0.682717 -5.649967 -0.666667
-6.610779 -0.157266 -5.184561 -0.921367 -5.659967 -0.666667
-7.145098 0.274675 -4.932401 -1.137338 -5.669967 -0.666667
-7.405448 0.529987 -4.817226 -1.264993 -5.679967 -0.666667
-7.231890 0.484061 -4.919005 -1.242030 -5.689967 -0.666667
-6.721712 0.188339 -5.189094 -1.094170 -5.699967 -0.666667
-6.088540 -0.207722 -5.520680 -0.896139 -5.709967 -0.666667
-5.439272 -0.619912 -5.860314 -0.690044 -5.719967 -0.666667
-4.795294 -1.031240 -6.197303 -0.484380 -5.729967 -0.666667
-4.222043 -1.412687 -6.498929 -0.293656 -5.739967 -0.666667
-3.915375 -1.661323 -6.667263 -0.169339 -5.749967 -0.666667
-4.065364 -1.661911 -6.607268 -0.169044 -5.759967 -0.666667
-4.598210 -1.438823 -6.355845 -0.280589 -5.769967 -0.666667
-5.283966 -1.117281 -6.027967 -0.441360 -5.779967 -0.666667
-5.992981 -0.777536 -5.688459 -0.611232 -5.789967 -0.666667
-6.698629 -0.437469 -5.350635 -0.781265 -5.799967 -0.666667
-7.343590 -0.115103 -5.043155 -0.942448 -5.809967 -0.666667
-7.735101 0.114308 -4.862400 -1.057154 -5.819967 -0.666667
-7.656870 0.151568 -4.916515 -1.075784 -5.829967 -0.666667
-7.153401 -0.000660 -5.183250 -0.999670 -5.839967 -0.666667
-6.464940 -0.244598 -5.542480 -0.877701 -5.849967 -0.666667
-5.744264 -0.508011 -5.917818 -0.745995 -5.859967 -0.666667
-5.025195 -0.772537 -6.292352 -0.613732 -5.869967 -0.666667
-4.356790 -1.028530 -6.641555 -0.485735 -5.879967 -0.666667
-3.924095 -1.226703 -6.872902 -0.386648 -5.889967 -0.666667
-3.964397 -1.289408 -6.867752 -0.355296 -5.899967 -0.666667
-4.466784 -1.204229 -6.631558 -0.397886 -5.909967 -0.666667
-5.187551 -1.039628 -6.286175 -0.480186 -5.919967 -0.666667
-5.951352 -0.855549 -5.919274 -0.572226 -5.929967 -0.666667
-6.715264 -0.669830 -5.552318 -0.665085 -5.939967 -0.666667
-7.438047 -0.486115 -5.205927 -0.756942 -5.949967 -0.666667
-7.946269 -0.330290 -4.966816 -0.834855 -5.959967 -0.666667
-7.987809 -0.254341 -4.961045 -0.872830 -5.969967 -0.666667
-7.537491 -0.278278 -5.201204 -0.860861 -5.979967 -0.666667
-6.835157 -0.363279 -5.567372 -0.818360 -5.989967 -0.666667
-6.077135 -0.465975 -5.961382 -0.767012 -5.999967 -0.666667
-5.317177 -0.570630 -6.356362 -0.714685 -6.009967 -0.666667
-4.589644 -0.677587 -6.735128 -0.661206 -6.019967 -0.666667
-4.053312 -0.781179 -7.018294 -0.609410 -6.029967 -0.666667
-3.968420 -0.857652 -7.075740 -0.571174 -6.039967 -0.666667
-4.396778 -0.887271 -6.876561 -0.556365 -6.049967 -0.666667
-5.109815 -0.880560 -6.535043 -0.559720 -6.059967 -0.666667
-5.892868 -0.860285 -6.158516 -0.569858 -6.069967 -0.666667
-6.679963 -0.837957 -5.779968 -0.581021 -6.079967 -0.666667
-7.442276 -0.810802 -5.413812 -0.594599 -6.089967 -0.666667
-8.037833 -0.767845 -5.131033 -0.616078 -6.099967 -0.666667
-8.205135 -0.703621 -5.062383 -0.648190 -6.109967 -0.666667
-7.847170 -0.629817 -5.256365 -0.685092 -6.119967 -0.666667
-7.174179 -0.561180 -5.607861 -0.719410 -6.129967 -0.666667
-6.415466 -0.499070 -6.002217 -0.750465 -6.139967 -0.666667
-5.650167 -0.438789 -6.399866 -0.780606 -6.149967 -0.666667
-4.903171 -0.384502 -6.788364 -0.807749 -6.159967 -0.666667
-4.298429 -0.360094 -7.105736 -0.819953 -6.169967 -0.666667
-4.092065 -0.399714 -7.223918 -0.800143 -6.179967 -0.666667
-4.412982 -0.506919 -7.078459 -0.746540 -6.189967 -0.666667
-5.075563 -0.646300 -6.762169 -0.676850 -6.199967 -0.666667
-5.840494 -0.789630 -6.394703 -0.605185 -6.209967 -0.666667
-6.615127 -0.931843 -6.022387 -0.534079 -6.219967 -0.666667
-7.376766 -1.067861 -5.656567 -0.466069 -6.229967 -0.666667
-8.019837 -1.164574 -5.350031 -0.417713 -6.239967 -0.666667
-8.299656 -1.161046 -5.225122 -0.419477 -6.249967 -0.666667
-8.060390 -1.032300 -5.359755 -0.483850 -6.259967 -0.666667
-7.457917 -0.828415 -5.675991 -0.585792 -6.269967 -0.666667
-6.736143 -0.606207 -6.051879 -0.696896 -6.279967 -0.666667
-6.000901 -0.383682 -6.434500 -0.808159 -6.289967 -0.666667
-5.274437 -0.166916 -6.812731 -0.916542 -6.299967 -0.666667
-4.644378 0.005193 -7.142761 -1.002596 -6.309967 -0.666667
-4.338744 0.047982 -7.310578 -1.023991 -6.319967 -0.666667
-4.534012 -0.089768 -7.227944 -0.955116 -6.329967 -0.666667
-5.107635 -0.350353 -6.956132 -0.824824 -6.339967 -0.666667
-5.817087 -0.647887 -6.616407 -0.676056 -6.349967 -0.666667
-6.544439 -0.948185 -6.267731 -0.525908 -6.359967 -0.666667
-7.266274 -1.243529 -5.921813 -0.378236 -6.369967 -0.666667
-7.911814 -1.492287 -5.614043 -0.253856 -6.379967 -0.666667
-8.273892 -1.590009 -5.448004 -0.204996 -6.389967 -0.666667
-8.162596 -1.456038 -5.518652 -0.271981 -6.399967 -0.666667
-7.665317 -1.147984 -5.782292 -0.426008 -6.409967 -0.666667
-7.016979 -0.779900 -6.121460 -0.610050 -6.419967 -0.666667
-6.345713 -0.405272 -6.472093 -0.797364 -6.429967 -0.666667
-5.677479 -0.034604 -6.821211 -0.982698 -6.439967 -0.666667
-5.067827 0.290280 -7.141036 -1.145140 -6.449967 -0.666667
-4.700050 0.449675 -7.339925 -1.224837 -6.459967 -0.666667
-4.769807 0.332045 -7.320046 -1.166023 -6.469967 -0.666667
-5.224766 -0.013011 -7.107567 -0.993494 -6.479967 -0.666667
-5.843752 -0.445649 -6.813074 -0.777175 -6.489967 -0.666667
-6.491120 -0.890287 -6.504390 -0.554856 -6.499967 -0.666667
-7.137363 -1.332040 -6.196269 -0.333980 -6.509967 -0.666667
-7.740155 -1.730855 -5.909872 -0.134572 -6.519967 -0.666667
-8.141908 -1.956602 -5.723996 -0.021699 -6.529967 -0.666667
-8.148917 -1.867197 -5.735492 -0.066401 -6.539967 -0.666667
-7.780493 -1.496587 -5.934703 -0.251707 -6.549967 -0.666667
-7.238355 -1.006576 -6.220772 -0.496712 -6.559967 -0.666667
-6.662229 -0.497104 -6.523836 -0.751448 -6.569967 -0.666667
-6.085711 0.010616 -6.827095 -1.005308 -6.579967 -0.666667
-5.540115 0.479642 -7.114893 -1.239821 -6.589967 -0.666667
-5.156677 0.774254 -7.321611 -1.387127 -6.599967 -0.666667
-5.119854 0.723835 -7.355023 -1.361918 -6.609967 -0.666667
-5.439490 0.339795 -7.210205 -1.169897 -6.619967 -0.666667
-5.938221 -0.199291 -6.975839 -0.900354 -6.629967 -0.666667
-6.476320 -0.767593 -6.721790 -0.616204 -6.639967 -0.666667
-7.016100 -1.335387 -6.466900 -0.332306 -6.649967 -0.666667
-7.534985 -1.869543 -6.222457 -0.065228 -6.659967 -0.666667
-7.927662 -2.233354 -6.041119 0.116677 -6.669967 -0.666667
-8.025421 -2.231157 -6.007240 0.115578 -6.679967 -0.666667
-7.794717 -1.846130 -6.137591 -0.076935 -6.689967 -0.666667
-7.384816 -1.267281 -6.357542 -0.366360 -6.699967 -0.666667
-6.930881 -0.646945 -6.599510 -0.676528 -6.709967 -0.666667
-6.474082 -0.025649 -6.842909 -0.987176 -6.719967 -0.666667
-6.030449 0.567383 -7.079725 -1.283692 -6.729967 -0.666667
-5.680740 0.998606 -7.269580 -1.499303 -6.739967 -0.666667
-5.572525 1.051998 -7.338687 -1.525999 -6.749967 -0.666667
-5.756335 0.678359 -7.261783 -1.339180 -6.759967 -0.666667
-6.113307 0.069931 -7.098296 -1.034965 -6.769967 -0.666667
-6.517692 -0.594898 -6.911104 -0.702551 -6.779967 -0.666667
-6.926074 -1.262537 -6.721913 -0.368731 -6.789967 -0.666667
-7.326997 -1.907211 -6.536451 -0.046394 -6.799967 -0.666667
-7.662132 -2.402068 -6.383884 0.201034 -6.809967 -0.666667
-7.809116 -2.516286 -6.325392 0.258143 -6.819967 -0.666667
-7.707980 -2.165928 -6.390960 0.082964 -6.829967 -0.666667
-7.446536 -1.538791 -6.536682 -0.230605 -6.839967 -0.666667
-7.136234 -0.837698 -6.706833 -0.581151 -6.849967 -0.666667
-6.820864 -0.131372 -6.879518 -0.934314 -6.859967 -0.666667
-6.508948 0.556923 -7.050476 -1.278462 -6.869967 -0.666667
-6.239080 1.109837 -7.200410 -1.554918 -6.879967 -0.666667
-6.105787 1.287803 -7.282057 -1.643902 -6.889967 -0.666667
-6.170565 0.971722 -7.264667 -1.485861 -6.899967 -0.666667
-6.375533 0.337211 -7.177184 -1.168605 -6.909967 -0.666667
-6.628179 -0.391305 -7.065861 -0.804348 -6.919967 -0.666667
-6.886810 -1.128247 -6.951545 -0.435877 -6.929967 -0.666667
-7.144620 -1.851544 -6.837640 -0.074228 -6.939967 -0.666667
-7.379706 -2.455368 -6.735097 0.227684 -6.949967 -0.666667
-7.526538 -2.697611 -6.676681 0.348806 -6.959967 -0.666667
-7.529873 -2.425505 -6.690014 0.212752 -6.969967 -0.666667
-7.420562 -1.795154 -6.759669 -0.102423 -6.979967 -0.666667
-7.268078 -1.048579 -6.850911 -0.475710 -6.989967 -0.666667
-7.109026 -0.289426 -6.945437 -0.855287 -6.999967 -0.666667
-6.949205 0.459834 -7.040348 -1.229917 -7.009967 -0.666667
-6.797033 1.106124 -7.131433 -1.553062 -7.019967 -0.666667
-6.689285 1.410785 -7.200308 -1.705393 -7.029967 -0.666667
-6.667754 1.190686 -7.226073 -1.595343 -7.039967 -0.666667
-6.724068 0.575939 -7.212916 -1.287969 -7.049967 -0.666667
-6.815051 -0.178929 -7.182425 -0.910535 -7.059967 -0.666667
-6.912600 -0.951632 -7.148650 -0.524184 -7.069967 -0.666667
-7.011751 -1.717562 -7.114074 -0.141219 -7.079967 -0.666667
-7.114402 -2.396852 -7.077749 0.198426 -7.089967 -0.666667
-7.211036 -2.759794 -7.044432 0.379897 -7.099967 -0.666667
-7.279503 -2.597754 -7.025198 0.298877 -7.109967 -0.666667
-7.311665 -2.009639 -7.024117 0.004820 -7.119967 -0.666667
-7.322257 -1.256514 -7.033821 -0.371743 -7.129967 -0.666667
-7.327203 -0.479101 -7.046349 -0.760450 -7.139967 -0.666667
-7.330225 0.294101 -7.059838 -1.147050 -7.149967 -0.666667
-7.322086 0.996198 -7.078907 -1.498099 -7.159967 -0.666667
-7.287604 1.411188 -7.111148 -1.705594 -7.169967 -0.666667
-7.224413 1.311035 -7.157743 -1.655518 -7.179967 -0.666667
-7.150115 0.759833 -7.209892 -1.379917 -7.189967 -0.666667
-7.079217 0.018594 -7.260341 -1.009297 -7.199967 -0.666667
-7.011744 -0.754596 -7.309078 -0.622702 -7.209967 -0.666667
-6.946178 -1.525697 -7.356861 -0.237152 -7.219967 -0.666667
-6.896460 -2.239962 -7.396720 0.119981 -7.229967 -0.666667
-6.899099 -2.698931 -7.410401 0.349465 -7.239967 -0.666667
-6.984286 -2.662110 -7.382807 0.331055 -7.249967 -0.666667
-7.132667 -2.157016 -7.323616 0.078508 -7.259967 -0.666667
-7.301197 -1.437725 -7.254351 -0.281137 -7.269967 -0.666667
-7.470251 -0.677707 -7.184824 -0.661147 -7.279967 -0.666667
-7.637653 0.082069 -7.116123 -1.041034 -7.289967 -0.666667
-7.786940 0.797683 -7.056480 -1.398842 -7.299967 -0.666667
-7.864209 1.291041 -7.032846 -1.645521 -7.309967 -0.666667
-7.809794 1.316542 -7.075053 -1.658271 -7.319967 -0.666667
-7.636919 0.865343 -7.176490 -1.432671 -7.329967 -0.666667
-7.414875 0.177780 -7.302513 -1.088890 -7.339967 -0.666667
-7.186182 -0.560202 -7.431859 -0.719899 -7.349967 -0.666667
-6.958679 -1.299675 -7.560610 -0.350163 -7.359967 -0.666667
-6.749689 -2.005887 -7.680106 0.002944 -7.369967 -0.666667
-6.626285 -2.522875 -7.756808 0.261438 -7.379967 -0.666667
-6.677582 -2.607267 -7.746159 0.303634 -7.389967 -0.666667
-6.904071 -2.216040 -7.647914 0.108020 -7.399967 -0.666667
-7.214068 -1.569476 -7.507916 -0.215262 -7.409967 -0.666667
-7.539441 -0.862214 -7.360229 -0.568893 -7.419967 -0.666667
-7.864348 -0.151683 -7.212776 -0.924158 -7.429967 -0.666667
-8.171692 0.534662 -7.074104 -1.267331 -7.439967 -0.666667
-8.385489 1.063723 -6.982206 -1.531861 -7.449967 -0.666667
-8.388770 1.201282 -6.995565 -1.600641 -7.459967 -0.666667
-8.160527 0.874144 -7.124687 -1.437072 -7.469967 -0.666667
-7.809549 0.277102 -7.315175 -1.138551 -7.479967 -0.666667
-7.431476 -0.391049 -7.519212 -0.804476 -7.489967 -0.666667
-7.052765 -1.064414 -7.723567 -0.467793 -7.499967 -0.666667
-6.689792 -1.720899 -7.920054 -0.139550 -7.509967 -0.666667
-6.423370 -2.250057 -8.068265 0.125029 -7.519967 -0.666667
-6.395355 -2.432986 -8.097273 0.216493 -7.529967 -0.666667
-6.652873 -2.171899 -7.983514 0.085949 -7.539967 -0.666667
-7.076525 -1.631908 -7.786687 -0.184046 -7.549967 -0.666667
-7.542295 -1.010848 -7.568802 -0.494576 -7.559967 -0.666667
-8.010367 -0.382384 -7.349766 -0.808808 -7.569967 -0.666667
-8.465008 0.234879 -7.137446 -1.117439 -7.579967 -0.666667
-8.824278 0.752102 -6.972811 -1.376051 -7.589967 -0.666667
-8.925518 0.970828 -6.937191 -1.485414 -7.599967 -0.666667
-8.691411 0.775473 -7.069244 -1.387736 -7.609967 -0.666667
-8.244595 0.298831 -7.307653 -1.149416 -7.619967 -0.666667
-7.737141 -0.267704 -7.576380 -0.866148 -7.629967 -0.666667
-7.224935 -0.844080 -7.847483 -0.577960 -7.639967 -0.666667
-6.723685 -1.413514 -8.113107 -0.293243 -7.649967 -0.666667
-6.313273 -1.907056 -8.333314 -0.046472 -7.659967 -0.666667
-6.172275 -2.150596 -8.418812 0.075298 -7.669967 -0.666667
-6.410512 -2.018337 -8.314694 0.009169 -7.679967 -0.666667
-6.909951 -1.609877 -8.079974 -0.195062 -7.689967 -0.666667
-7.492097 -1.104619 -7.803902 -0.447691 -7.699967 -0.666667
-8.082483 -0.586904 -7.523709 -0.706548 -7.709967 -0.666667
-8.664334 -0.073053 -7.247783 -0.963474 -7.719967 -0.666667
-9.162390 0.385648 -7.013755 -1.192824 -7.729967 -0.666667
-9.387513 0.642020 -6.916194 -1.321010 -7.739967 -0.666667
-9.196932 0.567953 -7.026484 -1.283976 -7.749967 -0.666667
-8.696215 0.230836 -7.291843 -1.115418 -7.759967 -0.666667
-8.087298 -0.207225 -7.611301 -0.896387 -7.769967 -0.666667
-7.465358 -0.660374 -7.937271 -0.669813 -7.779967 -0.666667
-6.849713 -1.111810 -8.260093 -0.444095 -7.789967 -0.666667
-6.309129 -1.525359 -8.545385 -0.237320 -7.799967 -0.666667
-6.037794 -1.782021 -8.696053 -0.108990 -7.809967 -0.666667
-6.210039 -1.759111 -8.624930 -0.120444 -7.819967 -0.666667
-6.740160 -1.494659 -8.374870 -0.252670 -7.829967 -0.666667
-7.407076 -1.128731 -8.056412 -0.435634 -7.839967 -0.666667
-8.093329 -0.745325 -7.728285 -0.627338 -7.849967 -0.666667
-8.775301 -0.362166 -7.402300 -0.818917 -7.859967 -0.666667
-9.391894 -0.003019 -7.109003 -0.998491 -7.869967 -0.666667
-9.749219 0.241269 -6.945341 -1.120634 -7.879967 -0.666667
-9.644481 0.260588 -7.012710 -1.130294 -7.889967 -0.666667
-9.137043 0.068154 -7.281428 -1.034077 -7.899967 -0.666667
-8.461650 -0.221836 -7.634125 -0.889082 -7.909967 -0.666667
-7.758878 -0.531113 -8.000511 -0.734443 -7.919967 -0.666667
-7.058571 -0.841128 -8.365665 -0.579436 -7.929967 -0.666667
-6.413663 -1.137847 -8.703118 -0.431076 -7.939967 -0.666667
-6.012817 -1.357406 -8.918542 -0.321297 -7.949967 -0.666667
-6.082734 -1.408439 -8.898583 -0.295780 -7.959967 -0.666667
-6.595539 -1.285346 -8.657181 -0.357327 -7.969967 -0.666667
-7.309272 -1.073819 -8.315314 -0.463090 -7.979967 -0.666667
-8.060278 -0.842207 -7.954811 -0.578897 -7.989967 -0.666667
-8.810532 -0.609194 -7.594684 -0.695403 -7.999967 -0.666667
-9.515125 -0.381594 -7.257387 -0.809203 -8.009967 -0.666667
-9.994920 -0.198412 -7.032490 -0.900794 -8.019967 -0.666667
-10.004998 -0.127384 -7.042451 -0.936308 -8.029967 -0.666667
-9.538267 -0.185848 -7.290817 -0.907076 -8.039967 -0.666667
-8.836778 -0.317795 -7.656561 -0.841103 -8.049967 -0.666667
-8.086244 -0.469120 -8.046828 -0.765440 -8.059967 -0.666667
-7.334714 -0.622284 -8.437593 -0.688858 -8.069967 -0.666667
-6.619758 -0.775478 -8.810071 -0.612261 -8.079967 -0.666667
-6.107484 -0.911689 -9.081208 -0.544156 -8.089967 -0.666667
-6.054569 -0.990218 -9.122665 -0.504891 -8.099967 -0.666667
-6.504679 -0.989718 -8.912611 -0.505141 -8.109967 -0.666667
-7.223085 -0.936943 -8.568408 -0.531528 -8.119967 -0.666667
-8.004104 -0.867548 -8.192898 -0.566226 -8.129967 -0.666667
-8.788065 -0.796082 -7.815918 -0.601959 -8.139967 -0.666667
-9.543596 -0.721148 -7.453152 -0.639426 -8.149967 -0.666667
-10.120248 -0.641158 -7.179826 -0.679421 -8.159967 -0.666667
-10.256403 -0.567930 -7.126748 -0.716035 -8.169967 -0.666667
-9.872203 -0.518938 -7.333848 -0.740531 -8.179967 -0.666667
-9.187740 -0.494554 -7.691080 -0.752723 -8.189967 -0.666667
-8.425525 -0.481416 -8.087188 -0.759292 -8.199967 -0.666667
-7.658058 -0.470325 -8.485921 -0.764838 -8.209967 -0.666667
-6.911984 -0.464561 -8.873958 -0.767719 -8.219967 -0.666667
-6.320383 -0.480656 -9.184759 -0.759672 -8.229967 -0.666667
-6.143025 -0.535942 -9.288437 -0.732029 -8.239967 -0.666667
-6.493639 -0.624383 -9.128131 -0.687809 -8.249967 -0.666667
-7.173530 -0.722256 -8.803185 -0.638872 -8.259967 -0.666667
-7.947512 -0.817426 -8.431194 -0.591287 -8.269967 -0.666667
-8.729573 -0.910966 -8.055164 -0.544517 -8.279967 -0.666667
-9.496110 -0.998484 -7.686895 -0.500758 -8.289967 -0.666667
-10.132229 -1.052230 -7.383835 -0.473885 -8.299967 -0.666667
-10.386400 -1.026902 -7.271750 -0.486549 -8.309967 -0.666667
-10.115140 -0.910327 -7.422380 -0.544837 -8.319967 -0.666667
-9.489941 -0.744296 -7.749979 -0.627852 -8.329967 -0.666667
-8.753636 -0.568747 -8.133132 -0.715627 -8.339967 -0.666667
-8.005800 -0.393820 -8.522050 -0.803090 -8.349967 -0.666667
-7.268749 -0.224807 -8.905576 -0.887597 -8.359967 -0.666667
-6.639212 -0.097095 -9.235344 -0.951453 -8.369967 -0.666667
-6.354781 -0.081499 -9.392559 -0.959251 -8.379967 -0.666667
-6.583077 -0.213990 -9.293411 -0.893005 -8.389967 -0.666667
-7.184258 -0.441233 -9.007821 -0.779383 -8.399967 -0.666667
-7.913566 -0.694310 -8.658167 -0.652845 -8.409967 -0.666667
-8.658534 -0.948629 -8.300683 -0.525685 -8.419967 -0.666667
-9.396434 -1.197647 -7.946733 -0.401177 -8.429967 -0.666667
-10.047949 -1.401603 -7.635975 -0.299198 -8.439967 -0.666667
-10.394182 -1.467661 -7.477859 -0.266170 -8.449967 -0.666667
-10.250139 -1.331959 -7.564880 -0.334021 -8.459967 -0.666667
-9.721213 -1.051964 -7.844344 -0.474018 -8.469967 -0.666667
-9.047946 -0.725432 -8.195977 -0.637284 -8.479967 -0.666667
-8.354233 -0.394629 -8.557833 -0.802686 -8.489967 -0.666667
-7.664736 -0.068240 -8.917582 -0.965880 -8.499967 -0.666667
-7.042709 0.212426 -9.243595 -1.106213 -8.509967 -0.666667
-6.684707 0.336748 -9.437597 -1.168374 -8.519967 -0.666667
-6.785608 0.210576 -9.402146 -1.105288 -8.529967 -0.666667
-7.275417 -0.112359 -9.172242 -0.943821 -8.539967 -0.666667
-7.924051 -0.507039 -8.862924 -0.746480 -8.549967 -0.666667
-8.598455 -0.910525 -8.540723 -0.544738 -8.559967 -0.666667
-9.270821 -1.310613 -8.219540 -0.344693 -8.569967 -0.666667
-9.892146 -1.666724 -7.923877 -0.166638 -8.579967 -0.666667
-10.290689 -1.855143 -7.739606 -0.072429 -8.589967 -0.666667
-10.269426 -1.750816 -7.765237 -0.124592 -8.599967 -0.666667
-9.863966 -1.395885 -7.982967 -0.302058 -8.609967 -0.666667
-9.287921 -0.939573 -8.285989 -0.530214 -8.619967 -0.666667
-8.680463 -0.468080 -8.604718 -0.765960 -8.629967 -0.666667
-8.073346 0.001100 -8.923277 -1.000550 -8.639967 -0.666667
-7.503429 0.429783 -9.223236 -1.214892 -8.649967 -0.666667
-7.116370 0.686017 -9.431765 -1.343008 -8.659967 -0.666667
-7.103774 0.614963 -9.453063 -1.307482 -8.669967 -0.666667
-7.461518 0.239834 -9.289191 -1.119917 -8.679967 -0.666667
-7.997843 -0.270428 -9.036029 -0.864786 -8.689967 -0.666667
-8.571222 -0.804406 -8.764339 -0.597797 -8.699967 -0.666667
-9.145656 -1.337235 -8.492122 -0.331383 -8.709967 -0.666667
-9.694177 -1.834166 -8.232862 -0.082917 -8.719967 -0.666667
-10.097349 -2.159753 -8.046276 0.079877 -8.729967 -0.666667
-10.175945 -2.132093 -8.021977 0.066046 -8.739967 -0.666667
-9.907248 -1.749085 -8.171326 -0.125458 -8.749967 -0.666667
-9.456746 -1.193634 -8.411577 -0.403183 -8.759967 -0.666667
-8.963984 -0.603511 -8.672958 -0.698244 -8.769967 -0.666667
-8.468928 -0.013210 -8.935486 -0.993395 -8.779967 -0.666667
-7.990902 0.546368 -9.189499 -1.273184 -8.789967 -0.666667
-7.623996 0.940688 -9.387952 -1.470344 -8.799967 -0.666667
-7.529046 0.964852 -9.450427 -1.482426 -8.809967 -0.666667
-7.749519 0.586434 -9.355191 -1.293217 -8.819967 -0.666667
-8.149319 -0.004482 -9.170291 -0.997759 -8.829967 -0.666667
-8.595616 -0.643634 -8.962142 -0.678183 -8.839967 -0.666667
-9.045381 -1.284591 -8.752260 -0.357705 -8.849967 -0.666667
-9.484836 -1.900128 -8.547532 -0.049936 -8.859967 -0.666667
-9.843502 -2.360493 -8.383199 0.180246 -8.869967 -0.666667
-9.983730 -2.442915 -8.328085 0.221457 -8.879967 -0.666667
-9.848463 -2.081302 -8.410719 0.040651 -8.889967 -0.666667
-9.542839 -1.465441 -8.578530 -0.267279 -8.899967 -0.666667
-9.188058 -0.785105 -8.770921 -0.607448 -8.909967 -0.666667
-8.828678 -0.100859 -8.965611 -0.949570 -8.919967 -0.666667
-8.474753 0.563055 -9.157574 -1.281527 -8.929967 -0.666667
-8.175557 1.084869 -9.322172 -1.542434 -8.939967 -0.666667
-8.042140 1.229758 -9.403880 -1.614879 -8.949967 -0.666667
-8.137379 0.896498 -9.371261 -1.448249 -8.959967 -0.666667
-8.386926 0.266809 -9.261487 -1.133404 -8.969967 -0.666667
-8.686038 -0.446206 -9.126931 -0.776897 -8.979967 -0.666667
-8.990789 -1.165910 -8.989556 -0.417045 -8.989967 -0.666667
-9.293402 -1.869918 -8.853249 -0.065041 -8.999967 -0.666667
-9.562935 -2.446886 -8.733482 0.223443 -9.009967 -0.666667
-9.716884 -2.656092 -8.671508 0.328046 -9.019967 -0.666667
-9.694466 -2.361647 -8.697717 0.180824 -9.029967 -0.666667
-9.541183 -1.729601 -8.789359 -0.135200 -9.039967 -0.666667
-9.340884 -0.992992 -8.904508 -0.503504 -9.049967 -0.666667
-9.134132 -0.246043 -9.022884 -0.876978 -9.059967 -0.666667
-8.927410 0.489253 -9.141245 -1.244627 -9.069967 -0.666667
-8.736459 1.113633 -9.251721 -1.556816 -9.079967 -0.666667
-8.614737 1.386602 -9.327581 -1.693301 -9.089967 -0.666667
-8.613367 1.139967 -9.343266 -1.569984 -9.099967 -0.666667
-8.712009 0.517109 -9.308946 -1.258554 -9.109967 -0.666667
-8.851463 -0.233531 -9.254219 -0.883234 -9.119967 -0.666667
-8.997745 -0.999206 -9.196078 -0.500397 -9.129967 -0.666667
-9.145206 -1.756641 -9.137347 -0.121679 -9.139967 -0.666667
-9.290105 -2.419514 -9.079897 0.209757 -9.149967 -0.666667
-9.407192 -2.753348 -9.036354 0.376674 -9.159967 -0.666667
-9.461783 -2.561700 -9.024059 0.280850 -9.169967 -0.666667
-9.454300 -1.959341 -9.042800 -0.020329 -9.179967 -0.666667
-9.416507 -1.204584 -9.076697 -0.397708 -9.189967 -0.666667
-9.372245 -0.428927 -9.113827 -0.785536 -9.199967 -0.666667
-9.326226 0.341305 -9.151837 -1.170652 -9.209967 -0.666667
-9.273279 1.032864 -9.193310 -1.516432 -9.219967 -0.666667
-9.212457 1.422458 -9.238722 -1.711229 -9.229967 -0.666667
-9.156387 1.290874 -9.281756 -1.645437 -9.239967 -0.666667
-9.118049 0.719766 -9.315926 -1.359883 -9.249967 -0.666667
-9.094668 -0.028991 -9.342616 -0.985505 -9.259967 -0.666667
-9.076305 -0.805737 -9.366797 -0.597131 -9.269967 -0.666667
-9.059856 -1.579377 -9.390022 -0.210311 -9.279967 -0.666667
-9.056580 -2.289214 -9.406660 0.144607 -9.289967 -0.666667
-9.090667 -2.727482 -9.404616 0.363741 -9.299967 -0.666667
-9.175715 -2.658728 -9.377093 0.329364 -9.309967 -0.666667
-9.292754 -2.128721 -9.333573 0.064361 -9.319967 -0.666667
-9.415442 -1.396113 -9.287229 -0.301943 -9.329967 -0.666667
-9.536067 -0.627234 -9.241917 -0.686383 -9.339967 -0.666667
-9.654902 0.140502 -9.197499 -1.070251 -9.349967 -0.666667
-9.757028 0.857883 -9.161436 -1.428942 -9.359967 -0.666667
-9.798670 1.336039 -9.155615 -1.668019 -9.369967 -0.666667
-9.737449 1.330455 -9.201225 -1.665228 -9.379967 -0.666667
-9.590476 0.850164 -9.289712 -1.425082 -9.389967 -0.666667
-9.411775 0.143688 -9.394062 -1.071844 -9.399967 -0.666667
-9.230240 -0.608391 -9.499830 -0.695804 -9.409967 -0.666667
-9.050156 -1.361099 -9.604872 -0.319451 -9.419967 -0.666667
-8.888158 -2.075222 -9.700871 0.037611 -9.429967 -0.666667
-8.803525 -2.583114 -9.758187 0.291557 -9.439967 -0.666667
-8.868282 -2.638589 -9.740809 0.319295 -9.449967 -0.666667
-9.074988 -2.215078 -9.652456 0.107539 -9.459967 -0.666667
-9.344952 -1.544337 -9.532474 -0.227831 -9.469967 -0.666667
-9.625038 -0.817871 -9.407431 -0.591064 -9.479967 -0.666667
-9.904238 -0.089032 -9.282831 -0.955484 -9.489967 -0.666667
-10.165590 0.611196 -9.167155 -1.305598 -9.499967 -0.666667
-10.338575 1.137671 -9.095662 -1.568835 -9.509967 -0.666667
-10.322282 1.249717 -9.118809 -1.624858 -9.519967 -0.666667
-10.107209 0.888221 -9.241346 -1.444110 -9.529967 -0.666667
-9.792167 0.262205 -9.413866 -1.131102 -9.539967 -0.666667
-9.456914 -0.430061 -9.596493 -0.784969 -9.549967 -0.666667
-9.121669 -1.126560 -9.779116 -0.436720 -9.559967 -0.666667
-8.802912 -1.802624 -9.953494 -0.098688 -9.569967 -0.666667
-8.578215 -2.335901 -10.080843 0.167951 -9.579967 -0.666667
-8.575124 -2.497827 -10.097388 0.248914 -9.589967 -0.666667
-8.826375 -2.201522 -9.986762 0.100761 -9.599967 -0.666667
-9.218920 -1.628363 -9.805490 -0.185818 -9.609967 -0.666667
-9.644931 -0.978545 -9.607484 -0.510728 -9.619967 -0.666667
-10.072274 -0.322414 -9.408813 -0.838793 -9.629967 -0.666667
-10.485171 0.319760 -9.217364 -1.159880 -9.639967 -0.666667
-10.802918 0.847806 -9.073491 -1.423903 -9.649967 -0.666667
-10.874839 1.050972 -9.052531 -1.525486 -9.659967 -0.666667
-10.640037 0.820809 -9.184931 -1.410404 -9.669967 -0.666667
-10.218849 0.307539 -9.410525 -1.153770 -9.679967 -0.666667
-9.747514 -0.292052 -9.661193 -0.853974 -9.689967 -0.666667
-9.272839 -0.900297 -9.913530 -0.549851 -9.699967 -0.666667
-8.810239 -1.499540 -10.159830 -0.250230 -9.709967 -0.666667
-8.440083 -2.010419 -10.359908 0.005210 -9.719967 -0.666667
-8.331693 -2.244572 -10.429103 0.122286 -9.729967 -0.666667
-8.577404 -2.079192 -10.321248 0.039596 -9.739967 -0.666667
-9.057237 -1.631501 -10.096332 -0.184249 -9.749967 -0.666667
-9.607458 -1.089315 -9.836221 -0.455342 -9.759967 -0.666667
-10.163938 -0.535899 -9.572981 -0.732051 -9.769967 -0.666667
-10.710772 0.012168 -9.314564 -1.006084 -9.779967 -0.666667
-11.170826 0.494369 -9.099537 -1.247185 -9.789967 -0.666667
-11.361265 0.748024 -9.019317 -1.374012 -9.799967 -0.666667
-11.156859 0.643760 -9.136520 -1.321880 -9.809967 -0.666667
-10.669318 0.265777 -9.395291 -1.132889 -9.819967 -0.666667
-10.087610 -0.212575 -9.701145 -0.893713 -9.829967 -0.666667
-9.495559 -0.704852 -10.012170 -0.647574 -9.839967 -0.666667
-8.910843 -1.194379 -10.319529 -0.402810 -9.849967 -0.666667
-8.405116 -1.637098 -10.587392 -0.181451 -9.859967 -0.666667
-8.169277 -1.897969 -10.720312 -0.051015 -9.869967 -0.666667
-8.361037 -1.848934 -10.639431 -0.075533 -9.879967 -0.666667
-8.884661 -1.543032 -10.392619 -0.228484 -9.889967 -0.666667
-9.529550 -1.134046 -10.085175 -0.432977 -9.899967 -0.666667
-10.190289 -0.708526 -9.769806 -0.645737 -9.909967 -0.666667
-10.845798 -0.283960 -9.457051 -0.858020 -9.919967 -0.666667
-11.431448 0.109418 -9.179226 -1.054709 -9.929967 -0.666667
-11.753738 0.364856 -9.033081 -1.182428 -9.939967 -0.666667
-11.624671 0.363130 -9.112615 -1.181565 -9.949967 -0.666667
-11.116984 0.129773 -9.381458 -1.064887 -9.959967 -0.666667
-10.458034 -0.205367 -9.725933 -0.897316 -9.969967 -0.666667
-9.776083 -0.559263 -10.081908 -0.720368 -9.979967 -0.666667
-9.097472 -0.913425 -10.436214 -0.543288 -9.989967 -0.666667
-8.478949 -1.248738 -10.760476 -0.375631 -9.999967 -0.666667
