0.000000 0.353439 0.683674
0.100000 0.346958 0.646452
0.200000 0.340238 0.604504
0.300000 0.333136 0.558216
0.400000 0.325493 0.508014
0.500000 0.317134 0.454362
0.600000 0.307875 0.397754
0.700000 0.297526 0.338710
0.800000 0.285896 0.277767
0.900000 0.272796 0.215477
1.000000 0.258047 0.152395
1.100000 0.241480 0.089080
1.200000 0.222946 0.026080
1.300000 0.202315 -0.036068
1.400000 0.179483 -0.096845
1.500000 0.154374 -0.155760
1.600000 0.126946 -0.212347
1.700000 0.097190 -0.266180
1.800000 0.065134 -0.316868
1.900000 0.030846 -0.364066
2.000000 -0.005568 -0.407473
2.100000 -0.043959 -0.446838
2.200000 -0.084143 -0.481958
2.300000 -0.125891 -0.512684
2.400000 -0.168941 -0.538916
2.500000 -0.212994 -0.560608
2.600000 -0.257717 -0.577763
2.700000 -0.302750 -0.590433
2.800000 -0.347705 -0.598717
2.900000 -0.392176 -0.602754
3.000000 -0.435738 -0.602728
3.100000 -0.477955 -0.598857
3.200000 -0.518388 -0.591388
3.300000 -0.556594 -0.580600
3.400000 -0.592138 -0.566790
3.500000 -0.624595 -0.550273
3.600000 -0.653561 -0.531378
3.700000 -0.678650 -0.510436
3.800000 -0.699507 -0.487783
3.900000 -0.715811 -0.463749
4.000000 -0.727280 -0.438656
4.100000 -0.733673 -0.412811
4.200000 -0.734798 -0.386504
4.300000 -0.730511 -0.360004
4.400000 -0.720724 -0.333554
4.500000 -0.705403 -0.307370
4.600000 -0.684569 -0.281637
4.700000 -0.658302 -0.256507
4.800000 -0.626739 -0.232101
4.900000 -0.590074 -0.208504
5.000000 -0.548556 -0.185771
5.100000 -0.502485 -0.163919
5.200000 -0.452212 -0.142939
5.300000 -0.398136 -0.122788
5.400000 -0.340695 -0.103398
5.500000 -0.280367 -0.084675
5.600000 -0.217661 -0.066506
5.700000 -0.153112 -0.048759
5.800000 -0.087277 -0.031289
5.900000 -0.020727 -0.013943
6.000000 0.045961 0.003440
6.100000 0.112206 0.021017
6.200000 0.177436 0.038945
6.300000 0.241088 0.057369
6.400000 0.302618 0.076423
6.500000 0.361506 0.096225
6.600000 0.417263 0.116870
6.700000 0.469435 0.138431
6.800000 0.517609 0.160951
6.900000 0.561416 0.184448
7.000000 0.600535 0.208904
7.100000 0.634697 0.234272
7.200000 0.663689 0.260467
7.300000 0.687351 0.287373
7.400000 0.705581 0.314840
7.500000 0.718334 0.342683
7.600000 0.725622 0.370689
7.700000 0.727511 0.398614
7.800000 0.724123 0.426188
7.900000 0.715628 0.453120
8.000000 0.702246 0.479097
8.100000 0.684241 0.503793
8.200000 0.661915 0.526873
8.300000 0.635607 0.547993
8.400000 0.605685 0.566812
8.500000 0.572542 0.582992
8.600000 0.536589 0.596206
8.700000 0.498252 0.606142
8.800000 0.457964 0.612511
8.900000 0.416158 0.615047
9.000000 0.373264 0.613516
9.100000 0.329705 0.607720
9.200000 0.285885 0.597498
9.300000 0.242192 0.582735
9.400000 0.198989 0.563359
9.500000 0.156610 0.539349
9.600000 0.115358 0.510733
9.700000 0.075504 0.477591
9.800000 0.037279 0.440055
9.900000 0.000879 0.398308
10.000000 -0.033542 0.352588
10.100000 -0.065868 0.303177
10.200000 -0.096022 0.250409
10.300000 -0.123968 0.194661
10.400000 -0.149703 0.136349
10.500000 -0.173262 0.075928
10.600000 -0.194712 0.013883
10.700000 -0.214147 -0.049272
10.800000 -0.231689 -0.113005
10.900000 -0.247480 -0.176764
11.000000 -0.261681 -0.239993
11.100000 -0.274467 -0.302131
11.200000 -0.286018 -0.362621
11.300000 -0.296523 -0.420917
11.400000 -0.306166 -0.476487
11.500000 -0.315130 -0.528826
11.600000 -0.323585 -0.577455
11.700000 -0.331690 -0.621931
11.800000 -0.339586 -0.661850
11.900000 -0.347394 -0.696852
12.000000 -0.355210 -0.726627
12.100000 -0.363104 -0.750916
12.200000 -0.371120 -0.769517
12.300000 -0.379269 -0.782283
12.400000 -0.387535 -0.789127
12.500000 -0.395868 -0.790023
12.600000 -0.404190 -0.785003
12.700000 -0.412393 -0.774159
12.800000 -0.420341 -0.757639
12.900000 -0.427871 -0.735649
13.000000 -0.434800 -0.708447
13.100000 -0.440921 -0.676337
13.200000 -0.446014 -0.639672
13.300000 -0.449844 -0.598844
13.400000 -0.452170 -0.554278
13.500000 -0.452745 -0.506433
13.600000 -0.451326 -0.455789
13.700000 -0.447673 -0.402844
13.800000 -0.441559 -0.348110
13.900000 -0.432772 -0.292102
14.000000 -0.421120 -0.235337
14.100000 -0.406435 -0.178323
14.200000 -0.388581 -0.121556
14.300000 -0.367452 -0.065515
14.400000 -0.342978 -0.010653
14.500000 -0.315132 0.042603
14.600000 -0.283925 0.093860
14.700000 -0.249414 0.142763
14.800000 -0.211698 0.188994
14.900000 -0.170924 0.232281
15.000000 -0.127283 0.272394
15.100000 -0.081011 0.309150
15.200000 -0.032386 0.342414
15.300000 0.018271 0.372096
15.400000 0.070603 0.398152
15.500000 0.124218 0.420583
15.600000 0.178690 0.439432
15.700000 0.233572 0.454784
15.800000 0.288390 0.466758
15.900000 0.342657 0.475510
16.000000 0.395875 0.481221
16.100000 0.447540 0.484102
16.200000 0.497151 0.484380
16.300000 0.544214 0.482302
16.400000 0.588247 0.478122
16.500000 0.628791 0.472102
16.600000 0.665410 0.464504
16.700000 0.697700 0.455588
16.800000 0.725295 0.445604
16.900000 0.747869 0.434788
17.000000 0.765142 0.423362
17.100000 0.776885 0.411527
17.200000 0.782922 0.399458
17.300000 0.783131 0.387307
17.400000 0.777451 0.375196
17.500000 0.765877 0.363218
17.600000 0.748465 0.351434
17.700000 0.725331 0.339876
17.800000 0.696647 0.328544
17.900000 0.662644 0.317406
18.000000 0.623606 0.306406
18.100000 0.579868 0.295457
18.200000 0.531812 0.284452
18.300000 0.479864 0.273260
18.400000 0.424486 0.261733
18.500000 0.366173 0.249710
18.600000 0.305450 0.237021
18.700000 0.242858 0.223489
18.800000 0.178956 0.208937
18.900000 0.114309 0.193190
19.000000 0.049484 0.176084
19.100000 -0.014956 0.157467
19.200000 -0.078460 0.137201
19.300000 -0.140496 0.115174
19.400000 -0.200553 0.091294
19.500000 -0.258152 0.065502
19.600000 -0.312844 0.037766
19.700000 -0.364223 0.008092
19.800000 -0.411923 -0.023481
19.900000 -0.455625 -0.056876
